dateId;teamId;order;playerId;Starters;MP;FG;FGA;FG%;3P;3PA;3P%;FT;FTA;FT%;ORB;DRB;TRB;AST;STL;BLK;TOV;PF;PTS;+/-
16/12/2022;ATL;0;youngtr01;Trae Young;33:39;8;18;.444;2;5;.400;13;14;.929;0;1;1;9;1;0;4;1;31;+3
16/12/2022;ATL;1;bogdabo01;Bogdan Bogdanović;29:20;9;14;.643;7;10;.700;3;5;.600;0;9;9;0;1;0;4;0;28;+22
16/12/2022;ATL;2;forretr01;Trent Forrest;28:22;3;4;.750;0;0;;0;0;;0;5;5;5;0;0;1;3;6;+4
16/12/2022;ATL;3;huntede01;De'Andre Hunter;27:20;3;8;.375;0;3;.000;5;6;.833;0;2;2;1;0;1;1;2;11;+10
16/12/2022;ATL;4;okongon01;Onyeka Okongwu;22:41;2;2;1.000;0;0;;3;4;.750;2;5;7;0;0;2;1;3;7;+4
16/12/2022;ATL;5;Reserves;Reserves
16/12/2022;ATL;6;griffaj01;AJ Griffin;27:52;5;8;.625;3;6;.500;0;0;;0;2;2;2;0;0;0;3;13;+17
16/12/2022;ATL;7;kaminfr01;Frank Kaminsky;22:13;4;5;.800;2;3;.667;2;2;1.000;0;7;7;5;1;0;1;4;12;+17
16/12/2022;ATL;8;johnsja05;Jalen Johnson;21:04;2;5;.400;0;0;;0;0;;2;3;5;0;0;2;0;1;4;+9
16/12/2022;ATL;9;holidaa01;Aaron Holiday;19:23;4;7;.571;1;1;1.000;2;3;.667;0;2;2;3;0;0;0;5;11;+15
16/12/2022;ATL;10;martity01;Tyrese Martin;2:42;1;1;1.000;0;0;;0;0;;0;1;1;0;0;0;0;0;2;-2
16/12/2022;ATL;11;culveja01;Jarrett Culver;2:42;0;2;.000;0;0;;0;0;;0;0;0;0;0;0;0;0;0;-2
16/12/2022;ATL;12;krejcvi01;Vit Krejci;2:42;0;1;.000;0;1;.000;0;0;;0;0;0;0;0;0;0;0;0;-2
16/12/2022;ATL;13;holidju01;Justin Holiday;Did Not Play
16/12/2022;ATL;0;ballla01;LaMelo Ball;32:40;9;18;.500;7;13;.538;2;3;.667;0;2;2;3;1;1;2;2;27;-21
16/12/2022;ATL;1;roziete01;Terry Rozier;32:02;4;11;.364;2;6;.333;0;0;;0;0;0;9;1;0;3;1;10;-13
16/12/2022;ATL;2;haywago01;Gordon Hayward;28:33;3;9;.333;1;4;.250;2;4;.500;1;2;3;5;2;1;2;3;9;-9
16/12/2022;ATL;3;plumlma01;Mason Plumlee;21:23;4;4;1.000;0;0;;0;0;;3;4;7;2;2;0;0;4;8;-15
16/12/2022;ATL;4;mcdanja01;Jalen McDaniels;16:44;3;8;.375;0;2;.000;1;1;1.000;0;1;1;2;1;0;2;5;7;-7
16/12/2022;ATL;5;Reserves;Reserves
16/12/2022;ATL;6;oubreke01;Kelly Oubre Jr.;30:08;5;19;.263;3;10;.300;3;4;.750;2;5;7;1;0;1;1;3;16;-27
16/12/2022;ATL;7;richani01;Nick Richards;22:35;5;9;.556;0;0;;3;5;.600;8;3;11;1;0;2;1;3;13;-8
16/12/2022;ATL;8;thorjt01;JT Thor;19:29;3;8;.375;1;4;.250;2;2;1.000;0;1;1;1;1;0;1;1;9;-3
16/12/2022;ATL;9;maledth01;Théo Maledon;15:20;1;5;.200;1;3;.333;0;0;;0;2;2;1;0;0;0;2;3;+2
16/12/2022;ATL;10;joneska01;Kai Jones;13:32;2;3;.667;0;0;;0;0;;1;6;7;0;0;0;0;1;4;-2
16/12/2022;ATL;11;bouknja01;James Bouknight;3:47;0;2;.000;0;1;.000;0;0;;0;1;1;1;0;0;0;0;0;+4
16/12/2022;ATL;12;mcgowbr01;Bryce McGowens;3:47;0;2;.000;0;0;;0;0;;0;1;1;0;0;0;0;0;0;+4
