dateId;teamId;order;playerId;Starters;MP;FG;FGA;FG%;3P;3PA;3P%;FT;FTA;FT%;ORB;DRB;TRB;AST;STL;BLK;TOV;PF;PTS;+/-
07/01/2023;ORL;0;wagnefr01;Franz Wagner;34:48;9;16;.563;3;7;.429;3;5;.600;0;2;2;2;1;0;2;3;24;+14
07/01/2023;ORL;1;banchpa01;Paolo Banchero;31:18;9;20;.450;4;9;.444;3;4;.750;1;4;5;3;1;0;2;1;25;+7
07/01/2023;ORL;2;fultzma01;Markelle Fultz;30:56;8;16;.500;0;2;.000;0;1;.000;1;4;5;7;6;0;2;0;16;+7
07/01/2023;ORL;3;cartewe01;Wendell Carter Jr.;30:43;6;9;.667;1;2;.500;0;0;;1;9;10;3;0;0;2;2;13;+12
07/01/2023;ORL;4;harriga01;Gary Harris;23:49;1;5;.200;1;2;.500;0;0;;0;3;3;2;1;0;0;3;3;+6
07/01/2023;ORL;5;Reserves;Reserves
07/01/2023;ORL;6;anthoco01;Cole Anthony;30:07;6;9;.667;2;4;.500;2;3;.667;1;6;7;5;1;0;1;1;16;+7
07/01/2023;ORL;7;rosste01;Terrence Ross;23:04;2;3;.667;1;1;1.000;0;0;;0;4;4;3;1;0;0;0;5;+12
07/01/2023;ORL;8;wagnemo01;Moritz Wagner;17:17;1;4;.250;1;2;.500;1;4;.250;2;3;5;1;1;0;1;2;4;+2
07/01/2023;ORL;9;suggsja01;Jalen Suggs;15:47;2;4;.500;0;2;.000;5;7;.714;1;2;3;0;0;2;0;2;9;+5
07/01/2023;ORL;10;houstca01;Caleb Houstan;2:11;0;1;.000;0;1;.000;0;0;;0;0;0;0;0;0;0;0;0;-2
07/01/2023;ORL;11;bambamo01;Mo Bamba;Did Not Play
07/01/2023;ORL;0;poolejo01;Jordan Poole;38:10;5;17;.294;2;11;.182;9;10;.900;0;4;4;6;0;1;4;1;21;-3
07/01/2023;ORL;1;divindo01;Donte DiVincenzo;35:22;5;12;.417;5;11;.455;0;0;;1;7;8;3;2;0;1;0;15;-4
07/01/2023;ORL;2;greendr01;Draymond Green;32:31;2;6;.333;1;5;.200;0;2;.000;0;5;5;6;0;0;3;4;5;-3
07/01/2023;ORL;3;looneke01;Kevon Looney;25:38;2;2;1.000;0;0;;3;4;.750;5;7;12;2;1;0;1;2;7;-18
07/01/2023;ORL;4;wiggian01;Andrew Wiggins;19:05;4;12;.333;2;7;.286;2;2;1.000;0;3;3;2;1;0;3;3;12;-22
07/01/2023;ORL;5;Reserves;Reserves
07/01/2023;ORL;6;lamban01;Anthony Lamb;33:01;9;20;.450;5;14;.357;3;3;1.000;3;5;8;4;2;0;0;2;26;-4
07/01/2023;ORL;7;jeromty01;Ty Jerome;18:24;2;6;.333;0;2;.000;0;0;;0;1;1;1;1;0;1;1;4;-4
07/01/2023;ORL;8;baldwpa01;Patrick Baldwin Jr.;14:32;3;9;.333;3;6;.500;0;0;;0;2;2;0;0;0;1;3;9;-9
07/01/2023;ORL;9;iguodan01;Andre Iguodala;11:58;0;0;;0;0;;0;0;;0;2;2;1;0;0;2;1;0;0
07/01/2023;ORL;10;moodymo01;Moses Moody;9:08;0;3;.000;0;2;.000;0;0;;1;1;2;1;0;0;0;0;0;-5
07/01/2023;ORL;11;rolliry01;Ryan Rollins;2:11;1;1;1.000;0;0;;0;0;;1;1;2;0;0;0;0;0;2;+2
