dateId;teamId;order;playerId;Starters;MP;FG;FGA;FG%;3P;3PA;3P%;FT;FTA;FT%;ORB;DRB;TRB;AST;STL;BLK;TOV;PF;PTS;+/-
06/12/2022;LAL;0;jamesle01;LeBron James;35:37;8;17;.471;2;6;.333;3;4;.750;4;13;17;4;1;1;3;0;21;-14
06/12/2022;LAL;1;schrode01;Dennis Schröder;26:47;6;13;.462;1;6;.167;3;3;1.000;0;1;1;0;0;0;3;0;16;-13
06/12/2022;LAL;2;walkelo01;Lonnie Walker IV;24:35;3;10;.300;0;5;.000;1;1;1.000;0;1;1;3;0;0;0;1;7;-15
06/12/2022;LAL;3;beverpa01;Patrick Beverley;21:28;1;5;.200;1;5;.200;2;2;1.000;0;1;1;2;1;1;0;1;5;-5
06/12/2022;LAL;4;davisan02;Anthony Davis;8:07;0;0;;0;0;;1;3;.333;1;2;3;2;0;0;0;0;1;-6
06/12/2022;LAL;5;Reserves;Reserves
06/12/2022;LAL;6;bryanth01;Thomas Bryant;28:10;8;12;.667;1;4;.250;2;2;1.000;5;4;9;1;0;0;2;3;19;+6
06/12/2022;LAL;7;westbru01;Russell Westbrook;26:03;6;13;.462;0;1;.000;4;5;.800;1;2;3;3;0;2;4;2;16;-13
06/12/2022;LAL;8;reaveau01;Austin Reaves;25:58;3;9;.333;0;4;.000;2;2;1.000;0;0;0;0;1;0;2;2;8;-20
06/12/2022;LAL;9;browntr01;Troy Brown Jr.;21:21;2;5;.400;1;3;.333;0;0;;1;3;4;1;1;1;1;1;5;+6
06/12/2022;LAL;10;jonesda03;Damian Jones;11:52;0;0;;0;0;;2;2;1.000;2;2;4;0;0;1;1;1;2;+2
06/12/2022;LAL;11;nunnke01;Kendrick Nunn;6:41;0;4;.000;0;2;.000;0;0;;0;0;0;0;0;0;0;1;0;+1
06/12/2022;LAL;12;toscaju01;Juan Toscano-Anderson;3:21;1;1;1.000;0;0;;0;0;;0;0;0;0;0;0;0;1;2;+1
06/12/2022;LAL;0;mitchdo01;Donovan Mitchell;39:32;17;27;.630;4;8;.500;5;5;1.000;2;4;6;5;4;0;2;1;43;+21
06/12/2022;LAL;1;allenja01;Jarrett Allen;38:25;11;14;.786;0;0;;2;4;.500;3;8;11;1;3;1;2;2;24;+21
06/12/2022;LAL;2;garlada01;Darius Garland;37:52;8;18;.444;1;6;.167;4;4;1.000;1;2;3;11;1;0;1;2;21;+22
06/12/2022;LAL;3;mobleev01;Evan Mobley;29:46;3;6;.500;0;1;.000;1;2;.500;3;9;12;2;1;1;0;5;7;+14
06/12/2022;LAL;4;stevela01;Lamar Stevens;26:23;1;5;.200;0;3;.000;0;0;;0;7;7;1;1;0;0;2;2;+17
06/12/2022;LAL;5;Reserves;Reserves
06/12/2022;LAL;6;leverca01;Caris LeVert;23:11;3;8;.375;1;3;.333;0;0;;0;2;2;4;1;0;2;4;7;-4
06/12/2022;LAL;7;osmande01;Cedi Osman;22:51;3;10;.300;0;3;.000;0;0;;0;0;0;1;0;0;0;0;6;-1
06/12/2022;LAL;8;okorois01;Isaac Okoro;9:47;1;2;.500;1;1;1.000;0;0;;0;0;0;0;0;0;0;0;3;-4
06/12/2022;LAL;9;loveke01;Kevin Love;8:47;1;3;.333;0;2;.000;0;0;;0;2;2;0;0;0;0;4;2;-14
06/12/2022;LAL;10;netora01;Raul Neto;1:43;0;0;;0;0;;1;2;.500;0;1;1;0;0;0;0;0;1;-1
06/12/2022;LAL;11;diakima01;Mamadi Diakite;1:43;0;0;;0;0;;0;0;;0;0;0;0;0;1;0;0;0;-1
06/12/2022;LAL;12;lopezro01;Robin Lopez;Did Not Play
