dateId;teamId;order;playerId;Starters;MP;FG;FGA;FG%;3P;3PA;3P%;FT;FTA;FT%;ORB;DRB;TRB;AST;STL;BLK;TOV;PF;PTS;+/-
22/10/2022;CLE;0;mitchdo01;Donovan Mitchell;34:31;10;19;.526;4;6;.667;8;9;.889;3;6;9;8;1;0;4;3;32;+19
22/10/2022;CLE;1;leverca01;Caris LeVert;33:27;4;12;.333;3;6;.500;3;4;.750;0;4;4;8;1;1;2;1;14;+17
22/10/2022;CLE;2;allenja01;Jarrett Allen;28:36;4;6;.667;0;0;;0;0;;3;3;6;2;0;1;2;2;8;+5
22/10/2022;CLE;3;okorois01;Isaac Okoro;26:56;1;5;.200;0;2;.000;0;0;;0;1;1;0;0;0;3;1;2;-4
22/10/2022;CLE;4;mobleev01;Evan Mobley;24:46;7;9;.778;0;0;;2;2;1.000;1;2;3;1;1;1;3;1;16;+7
22/10/2022;CLE;5;Reserves;Reserves
22/10/2022;CLE;6;osmande01;Cedi Osman;25:44;5;8;.625;2;3;.667;3;3;1.000;0;2;2;4;0;0;1;5;15;+41
22/10/2022;CLE;7;loveke01;Kevin Love;22:50;5;9;.556;5;6;.833;0;0;;0;12;12;4;0;1;0;1;15;+27
22/10/2022;CLE;8;lopezro01;Robin Lopez;15:37;6;7;.857;0;0;;0;0;;1;2;3;0;0;1;0;1;12;+19
22/10/2022;CLE;9;netora01;Raul Neto;15:12;3;5;.600;0;1;.000;0;0;;0;4;4;4;1;0;1;1;6;+11
22/10/2022;CLE;10;wadede01;Dean Wade;4:07;2;3;.667;1;2;.500;0;0;;0;2;2;1;0;0;1;0;5;+6
22/10/2022;CLE;11;mobleis01;Isaiah Mobley;4:07;1;1;1.000;1;1;1.000;0;0;;0;1;1;0;0;0;0;1;3;+6
22/10/2022;CLE;12;stevela01;Lamar Stevens;4:07;0;1;.000;0;0;;0;0;;0;1;1;0;0;0;0;0;0;+6
22/10/2022;CLE;0;derozde01;DeMar DeRozan;32:31;3;9;.333;0;0;;7;7;1.000;0;2;2;1;2;0;0;2;13;-6
22/10/2022;CLE;1;vucevni01;Nikola Vučević;30:47;7;12;.583;2;3;.667;0;0;;1;3;4;3;0;3;2;3;16;-10
22/10/2022;CLE;2;lavinza01;Zach LaVine;28:20;9;17;.529;2;6;.333;3;4;.750;0;3;3;4;2;0;0;2;23;-19
22/10/2022;CLE;3;dosunay01;Ayo Dosunmu;27:30;2;7;.286;1;4;.250;0;0;;1;3;4;3;0;0;0;3;5;-5
22/10/2022;CLE;4;willipa01;Patrick Williams;15:31;2;7;.286;1;3;.333;1;2;.500;1;2;3;0;1;0;1;1;6;0
22/10/2022;CLE;5;Reserves;Reserves
22/10/2022;CLE;6;whiteco01;Coby White;23:36;2;8;.250;0;5;.000;1;1;1.000;1;0;1;1;0;0;0;3;5;-30
22/10/2022;CLE;7;jonesde02;Derrick Jones Jr.;16:56;2;3;.667;1;1;1.000;3;4;.750;1;1;2;0;2;1;1;1;8;-12
22/10/2022;CLE;8;carusal01;Alex Caruso;16:36;0;1;.000;0;1;.000;2;2;1.000;0;2;2;2;1;1;1;1;2;-15
22/10/2022;CLE;9;greenja02;Javonte Green;13:44;2;5;.400;0;2;.000;2;3;.667;1;2;3;2;2;2;0;0;6;-11
22/10/2022;CLE;10;drumman01;Andre Drummond;13:06;3;8;.375;0;1;.000;2;2;1.000;3;4;7;0;2;0;3;2;8;-16
22/10/2022;CLE;11;dragigo01;Goran Dragić;11:25;2;4;.500;0;1;.000;0;0;;0;2;2;3;0;0;1;1;4;-16
22/10/2022;CLE;12;bradlto01;Tony Bradley;4:07;0;1;.000;0;1;.000;0;0;;1;1;2;0;0;0;0;0;0;-6
22/10/2022;CLE;13;terryda01;Dalen Terry;4:07;0;1;.000;0;0;;0;0;;0;0;0;0;0;0;1;0;0;-6
22/10/2022;CLE;14;simonma01;Marko Simonovic;1:44;0;1;.000;0;1;.000;0;0;;0;0;0;0;0;0;0;0;0;-8
22/10/2022;CLE;15;hillma01;Malcolm Hill;Did Not Play
