dateId;teamId;order;playerId;Starters;MP;FG;FGA;FG%;3P;3PA;3P%;FT;FTA;FT%;ORB;DRB;TRB;AST;STL;BLK;TOV;PF;PTS;+/-
14/01/2023;MEM;0;banede01;Desmond Bane;29:04;10;19;.526;5;11;.455;0;0;;0;8;8;3;1;1;1;2;25;+24
14/01/2023;MEM;1;willizi02;Ziaire Williams;27:45;6;9;.667;1;3;.333;0;0;;0;2;2;2;1;1;1;2;13;+14
14/01/2023;MEM;2;moranja01;Ja Morant;25:15;7;17;.412;0;3;.000;9;12;.750;1;2;3;10;0;1;2;1;23;+17
14/01/2023;MEM;3;adamsst01;Steven Adams;22:09;4;4;1.000;0;0;;2;2;1.000;3;6;9;2;0;1;3;3;10;+16
14/01/2023;MEM;4;jacksja02;Jaren Jackson Jr.;21:54;4;5;.800;1;1;1.000;0;0;;0;10;10;3;1;2;2;3;9;+32
14/01/2023;MEM;5;Reserves;Reserves
14/01/2023;MEM;6;aldamsa01;Santi Aldama;26:06;6;9;.667;1;4;.250;4;6;.667;1;3;4;1;2;0;0;1;17;-14
14/01/2023;MEM;7;jonesty01;Tyus Jones;23:36;2;8;.250;2;5;.400;2;2;1.000;0;2;2;5;2;0;0;0;8;+16
14/01/2023;MEM;8;clarkbr01;Brandon Clarke;19:29;4;4;1.000;0;0;;3;4;.750;0;2;2;2;3;0;1;2;11;+18
14/01/2023;MEM;9;roddyda01;David Roddy;17:32;3;6;.500;1;2;.500;0;0;;1;2;3;1;1;1;2;2;7;-3
14/01/2023;MEM;10;laravja01;Jake LaRavia;14:26;2;4;.500;1;3;.333;0;0;;0;1;1;3;0;1;2;4;5;+2
14/01/2023;MEM;11;tillmxa01;Xavier Tillman Sr.;6:22;0;1;.000;0;0;;2;2;1.000;1;0;1;0;0;0;1;1;2;-16
14/01/2023;MEM;12;chandke01;Kennedy Chandler;6:22;0;1;.000;0;0;;0;0;;0;0;0;0;0;0;0;0;0;-16
14/01/2023;MEM;0;jacksis01;Isaiah Jackson;25:48;5;9;.556;0;1;.000;2;2;1.000;4;3;7;1;1;4;1;4;12;-9
14/01/2023;MEM;1;hieldbu01;Buddy Hield;25:39;2;8;.250;0;3;.000;1;1;1.000;0;5;5;1;0;0;2;1;5;-29
14/01/2023;MEM;2;nesmiaa01;Aaron Nesmith;24:50;2;13;.154;0;8;.000;2;2;1.000;2;5;7;1;1;0;2;2;6;-15
14/01/2023;MEM;3;mathube01;Bennedict Mathurin;23:45;5;13;.385;2;4;.500;4;4;1.000;0;3;3;0;0;0;2;1;16;-20
14/01/2023;MEM;4;nembhan01;Andrew Nembhard;23:38;2;9;.222;2;6;.333;1;1;1.000;0;1;1;7;0;0;2;1;7;-24
14/01/2023;MEM;5;Reserves;Reserves
14/01/2023;MEM;6;duartch01;Chris Duarte;29:37;7;15;.467;4;9;.444;7;7;1.000;0;3;3;3;0;0;0;1;25;+2
14/01/2023;MEM;7;mccontj01;T.J. McConnell;24:22;6;10;.600;1;2;.500;0;0;;2;6;8;11;2;0;5;1;13;+6
14/01/2023;MEM;8;brissos01;Oshae Brissett;18:41;0;6;.000;0;5;.000;3;4;.750;0;1;1;0;0;0;0;1;3;-5
14/01/2023;MEM;9;taylote01;Terry Taylor;13:24;4;5;.800;1;2;.500;0;0;;2;2;4;1;0;0;2;1;9;0
14/01/2023;MEM;10;smithja04;Jalen Smith;12:22;2;5;.400;0;2;.000;2;4;.500;4;2;6;0;1;2;1;4;6;-16
14/01/2023;MEM;11;queentr01;Trevelin Queen;9:48;1;5;.200;0;3;.000;3;3;1.000;1;1;2;1;0;1;0;0;5;+9
14/01/2023;MEM;12;johnsja01;James Johnson;8:06;2;5;.400;1;2;.500;0;0;;1;1;2;0;0;1;2;3;5;+11
14/01/2023;MEM;13;bitadgo01;Goga Bitadze;Did Not Play
