dateId;teamId;order;playerId;Starters;MP;FG;FGA;FG%;3P;3PA;3P%;FT;FTA;FT%;ORB;DRB;TRB;AST;STL;BLK;TOV;PF;PTS;+/-
02/04/2023;PHI;0;maxeyty01;Tyrese Maxey;34:53;9;15;.600;6;7;.857;5;5;1.000;0;4;4;2;1;0;1;1;29;-13
02/04/2023;PHI;1;hardeja01;James Harden;34:18;4;9;.444;1;3;.333;2;2;1.000;1;1;2;6;1;0;5;3;11;-12
02/04/2023;PHI;2;embiijo01;Joel Embiid;31:36;11;25;.440;1;7;.143;5;5;1.000;1;8;9;5;0;0;1;4;28;-10
02/04/2023;PHI;3;harrito02;Tobias Harris;28:18;3;6;.500;0;3;.000;0;0;;1;2;3;3;1;2;1;1;6;-12
02/04/2023;PHI;4;tuckepj01;P.J. Tucker;24:09;2;5;.400;1;3;.333;0;0;;1;1;2;2;0;0;0;4;5;-11
02/04/2023;PHI;5;Reserves;Reserves
02/04/2023;PHI;6;meltode01;De'Anthony Melton;21:40;1;5;.200;1;4;.250;0;0;;1;0;1;0;0;0;2;2;3;-16
02/04/2023;PHI;7;niangge01;Georges Niang;17:17;0;2;.000;0;2;.000;0;0;;0;0;0;0;0;0;0;1;0;-10
02/04/2023;PHI;8;mcdanja01;Jalen McDaniels;14:02;0;4;.000;0;1;.000;0;0;;1;2;3;1;0;0;0;0;0;-9
02/04/2023;PHI;9;reedpa01;Paul Reed;13:20;4;5;.800;0;0;;0;0;;5;5;10;0;0;0;0;1;8;+3
02/04/2023;PHI;10;houseda01;Danuel House Jr.;9:14;4;7;.571;2;4;.500;0;0;;0;1;1;0;0;0;0;0;10;+6
02/04/2023;PHI;11;korkmfu01;Furkan Korkmaz;4:03;1;1;1.000;0;0;;0;0;;0;0;0;0;0;0;0;0;2;+7
02/04/2023;PHI;12;miltosh01;Shake Milton;4:03;1;2;.500;0;1;.000;0;1;.000;0;1;1;0;0;0;0;0;2;+7
02/04/2023;PHI;13;harremo01;Montrezl Harrell;3:06;0;1;.000;0;1;.000;0;0;;0;0;0;0;0;0;1;0;0;+5
02/04/2023;PHI;14;dedmode01;Dewayne Dedmon;Did Not Play
02/04/2023;PHI;0;holidjr01;Jrue Holiday;34:42;7;11;.636;2;4;.500;2;2;1.000;1;2;3;3;4;0;2;1;18;+8
02/04/2023;PHI;1;middlkh01;Khris Middleton;31:52;6;14;.429;3;8;.375;4;4;1.000;0;3;3;9;0;0;1;2;19;+7
02/04/2023;PHI;2;antetgi01;Giannis Antetokounmpo;31:48;13;17;.765;0;1;.000;7;13;.538;2;12;14;6;1;3;4;5;33;+21
02/04/2023;PHI;3;lopezbr01;Brook Lopez;31:12;9;13;.692;1;2;.500;2;2;1.000;3;3;6;0;0;0;0;2;21;+12
02/04/2023;PHI;4;allengr01;Grayson Allen;19:43;1;3;.333;0;2;.000;0;0;;0;5;5;1;0;0;0;1;2;+12
02/04/2023;PHI;5;Reserves;Reserves
02/04/2023;PHI;6;portibo01;Bobby Portis;27:30;8;11;.727;2;3;.667;0;0;;0;5;5;0;1;1;1;3;18;+6
02/04/2023;PHI;7;carteje01;Jevon Carter;20:51;0;1;.000;0;1;.000;0;0;;0;2;2;6;0;0;0;1;0;+13
02/04/2023;PHI;8;inglejo01;Joe Ingles;19:32;2;3;.667;2;3;.667;0;0;;0;1;1;2;1;0;1;0;6;+13
02/04/2023;PHI;9;crowdja01;Jae Crowder;17:04;0;5;.000;0;2;.000;0;0;;0;0;0;1;1;1;0;1;0;-3
02/04/2023;PHI;10;beaucma01;MarJon Beauchamp;1:26;0;0;;0;0;;0;0;;1;0;1;0;0;0;0;1;0;-6
02/04/2023;PHI;11;connapa01;Pat Connaughton;1:26;0;0;;0;0;;0;0;;0;1;1;0;0;0;0;0;0;-6
02/04/2023;PHI;12;dragigo01;Goran Dragić;1:26;0;2;.000;0;2;.000;0;0;;0;0;0;0;0;0;0;0;0;-6
02/04/2023;PHI;13;matthwe02;Wesley Matthews;1:26;0;0;;0;0;;0;0;;0;1;1;0;0;0;0;0;0;-6
02/04/2023;PHI;14;antetth01;Thanasis Antetokounmpo;Did Not Dress
