dateId;teamId;order;playerId;Starters;MP;FG;FGA;FG%;3P;3PA;3P%;FT;FTA;FT%;ORB;DRB;TRB;AST;STL;BLK;TOV;PF;PTS;+/-
30/11/2022;LAC;0;zubaciv01;Ivica Zubac;30:25;5;7;.714;0;0;;2;2;1.000;2;5;7;0;0;1;2;3;12;-18
30/11/2022;LAC;1;mannte01;Terance Mann;26:56;2;5;.400;1;2;.500;0;2;.000;1;0;1;1;3;0;1;3;5;-23
30/11/2022;LAC;2;jacksre01;Reggie Jackson;24:47;5;10;.500;2;6;.333;3;4;.750;0;1;1;3;2;0;2;4;15;-7
30/11/2022;LAC;3;morrima03;Marcus Morris;23:15;3;11;.273;1;2;.500;3;5;.600;1;4;5;1;1;2;1;1;10;-22
30/11/2022;LAC;4;coffeam01;Amir Coffey;19:27;1;4;.250;1;3;.333;2;2;1.000;0;1;1;1;0;1;1;2;5;-16
30/11/2022;LAC;5;Reserves;Reserves
30/11/2022;LAC;6;walljo01;John Wall;25:16;7;19;.368;0;5;.000;12;13;.923;0;2;2;5;0;0;2;1;26;-9
30/11/2022;LAC;7;covinro01;Robert Covington;23:08;3;9;.333;2;7;.286;0;0;;3;3;6;2;1;0;0;3;8;+6
30/11/2022;LAC;8;bostobr01;Brandon Boston Jr.;22:11;4;12;.333;1;2;.500;1;2;.500;1;1;2;1;1;0;1;1;10;+10
30/11/2022;LAC;9;batumni01;Nicolas Batum;21:37;2;4;.500;2;3;.667;2;3;.667;1;1;2;1;0;1;0;3;8;+5
30/11/2022;LAC;10;diabamo01;Moussa Diabaté;16:00;4;8;.500;0;0;;3;3;1.000;6;2;8;0;0;0;0;2;11;+7
30/11/2022;LAC;11;prestja01;Jason Preston;3:29;1;2;.500;0;0;;0;0;;1;0;1;1;0;0;0;0;2;+1
30/11/2022;LAC;12;brownmo01;Moses Brown;3:29;0;2;.000;0;0;;0;0;;1;2;3;0;1;0;0;0;0;+1
30/11/2022;LAC;0;clarkjo01;Jordan Clarkson;39:47;10;18;.556;5;9;.556;8;11;.727;0;4;4;5;0;0;3;5;33;+19
30/11/2022;LAC;1;markkla01;Lauri Markkanen;36:21;7;11;.636;4;7;.571;5;5;1.000;1;8;9;2;0;0;1;3;23;+6
30/11/2022;LAC;2;olynyke01;Kelly Olynyk;36:02;4;7;.571;1;2;.500;3;4;.750;1;6;7;3;1;3;2;5;12;+19
30/11/2022;LAC;3;sextoco01;Collin Sexton;30:30;8;13;.615;1;2;.500;4;5;.800;3;3;6;6;0;0;7;1;21;+19
30/11/2022;LAC;4;vandeja01;Jarred Vanderbilt;24:36;7;10;.700;0;1;.000;0;0;;6;6;12;2;2;0;1;1;14;+5
30/11/2022;LAC;5;Reserves;Reserves
30/11/2022;LAC;6;kesslwa01;Walker Kessler;21:52;2;3;.667;0;0;;1;3;.333;0;4;4;0;0;4;1;3;5;+8
30/11/2022;LAC;7;beaslma01;Malik Beasley;18:47;1;9;.111;1;7;.143;0;0;;1;1;2;3;1;0;1;3;3;+6
30/11/2022;LAC;8;alexani01;Nickeil Alexander-Walker;15:28;5;7;.714;1;2;.500;0;0;;0;1;1;0;0;0;1;2;11;-1
30/11/2022;LAC;9;fontesi01;Simone Fontecchio;11:02;1;3;.333;1;2;.500;0;0;;1;0;1;1;0;0;0;0;3;-10
30/11/2022;LAC;10;agbajoc01;Ochai Agbaji;1:51;0;0;;0;0;;0;0;;0;0;0;0;0;0;0;1;0;-2
30/11/2022;LAC;11;azubuud01;Udoka Azubuike;1:51;0;0;;0;0;;0;0;;0;0;0;1;0;0;0;0;0;-2
30/11/2022;LAC;12;bolmale01;Leandro Bolmaro;1:51;0;0;;0;0;;0;0;;0;0;0;1;0;0;1;0;0;-2
30/11/2022;LAC;13;hortota01;Talen Horton-Tucker;Did Not Play
