dateId;teamId;order;playerId;Starters;MP;FG;FGA;FG%;3P;3PA;3P%;FT;FTA;FT%;ORB;DRB;TRB;AST;STL;BLK;TOV;PF;PTS;+/-
12/05/2023;GSW;0;curryst01;Stephen Curry;38:57;11;28;.393;4;14;.286;6;6;1.000;1;5;6;5;1;1;4;3;32;-21
12/05/2023;GSW;1;thompkl01;Klay Thompson;37:37;3;19;.158;2;12;.167;0;0;;0;3;3;5;0;0;0;2;8;-33
12/05/2023;GSW;2;wiggian01;Andrew Wiggins;28:15;2;8;.250;0;3;.000;2;4;.500;2;0;2;2;1;0;0;5;6;-26
12/05/2023;GSW;3;greendr01;Draymond Green;24:01;4;8;.500;1;3;.333;0;0;;4;5;9;3;0;1;2;5;9;-26
12/05/2023;GSW;4;paytoga02;Gary Payton II;10:25;2;3;.667;0;1;.000;0;0;;2;0;2;1;0;0;0;2;4;-18
12/05/2023;GSW;5;Reserves;Reserves
12/05/2023;GSW;6;looneke01;Kevon Looney;26:08;4;7;.571;0;0;;1;1;1.000;8;10;18;2;0;0;1;3;9;+4
12/05/2023;GSW;7;divindo01;Donte DiVincenzo;25:39;6;12;.500;4;8;.500;0;2;.000;1;3;4;0;1;0;2;4;16;+1
12/05/2023;GSW;8;poolejo01;Jordan Poole;23:01;3;10;.300;0;3;.000;1;1;1.000;0;0;0;4;0;0;1;4;7;+1
12/05/2023;GSW;9;moodymo01;Moses Moody;14:39;2;5;.400;2;3;.667;0;0;;1;4;5;1;0;0;0;1;6;+10
12/05/2023;GSW;10;kuminjo01;Jonathan Kuminga;3:45;1;1;1.000;0;0;;0;0;;0;0;0;1;0;0;0;0;2;+1
12/05/2023;GSW;11;lamban01;Anthony Lamb;3:45;1;1;1.000;0;0;;0;0;;1;1;2;0;0;0;0;1;2;+1
12/05/2023;GSW;12;baldwpa01;Patrick Baldwin Jr.;3:45;0;1;.000;0;1;.000;0;0;;0;2;2;1;0;0;0;0;0;+1
12/05/2023;GSW;13;greenja01;JaMychal Green;Did Not Play
12/05/2023;GSW;0;jamesle01;LeBron James;43:08;10;14;.714;2;3;.667;8;11;.727;0;9;9;9;2;1;2;2;30;+21
12/05/2023;GSW;1;russeda01;D'Angelo Russell;41:01;7;15;.467;2;7;.286;3;4;.750;0;2;2;1;1;0;2;1;19;+26
12/05/2023;GSW;2;davisan02;Anthony Davis;39:31;5;9;.556;0;0;;7;10;.700;3;17;20;3;2;2;0;3;17;+31
12/05/2023;GSW;3;reaveau01;Austin Reaves;39:20;7;12;.583;4;5;.800;5;5;1.000;1;4;5;6;0;0;2;2;23;+24
12/05/2023;GSW;4;schrode01;Dennis Schröder;25:11;1;6;.167;1;2;.500;0;0;;0;2;2;5;0;1;0;4;3;+16
12/05/2023;GSW;5;Reserves;Reserves
12/05/2023;GSW;6;hachiru01;Rui Hachimura;16:11;2;5;.400;0;1;.000;5;6;.833;1;2;3;0;0;2;0;0;9;-2
12/05/2023;GSW;7;walkelo01;Lonnie Walker IV;14:28;4;8;.500;3;5;.600;2;4;.500;0;0;0;0;0;0;0;5;13;-10
12/05/2023;GSW;8;vandeja01;Jarred Vanderbilt;3:57;1;1;1.000;0;0;;0;0;;0;0;0;0;1;0;0;0;2;+2
12/05/2023;GSW;9;beaslma01;Malik Beasley;3:45;1;1;1.000;1;1;1.000;0;0;;0;0;0;0;0;0;0;0;3;-1
12/05/2023;GSW;10;browntr01;Troy Brown Jr.;3:45;1;2;.500;0;1;.000;0;0;;1;2;3;0;0;0;0;0;2;-1
12/05/2023;GSW;11;harrish01;Shaquille Harrison;3:45;0;1;.000;0;0;;1;2;.500;0;0;0;1;0;0;0;0;1;-1
12/05/2023;GSW;12;thomptr01;Tristan Thompson;3:45;0;0;;0;0;;0;0;;0;2;2;0;0;0;0;0;0;-1
12/05/2023;GSW;13;chrisma02;Max Christie;2:11;0;1;.000;0;1;.000;0;0;;0;0;0;0;0;0;0;0;0;+1
12/05/2023;GSW;14;gabriwe01;Wenyen Gabriel;Did Not Play
