dateId;teamId;order;playerId;Starters;MP;FG;FGA;FG%;3P;3PA;3P%;FT;FTA;FT%;ORB;DRB;TRB;AST;STL;BLK;TOV;PF;PTS;+/-
06/01/2023;CLE;0;allenja01;Jarrett Allen;35:35;4;11;.364;0;1;.000;5;8;.625;7;2;9;1;1;1;1;2;13;-18
06/01/2023;CLE;1;mobleev01;Evan Mobley;34:02;6;13;.462;0;2;.000;0;6;.000;2;7;9;4;1;3;1;4;12;-3
06/01/2023;CLE;2;garlada01;Darius Garland;33:03;8;20;.400;1;6;.167;4;6;.667;1;3;4;8;0;0;1;3;21;-15
06/01/2023;CLE;3;leverca01;Caris LeVert;32:55;8;13;.615;3;4;.750;3;5;.600;1;3;4;3;0;0;1;3;22;-12
06/01/2023;CLE;4;okorois01;Isaac Okoro;17:24;1;5;.200;0;0;;1;2;.500;3;2;5;2;2;0;1;1;3;-13
06/01/2023;CLE;5;Reserves;Reserves
06/01/2023;CLE;6;osmande01;Cedi Osman;28:05;6;10;.600;3;6;.500;0;0;;0;1;1;2;2;0;0;2;15;-7
06/01/2023;CLE;7;loveke01;Kevin Love;23:48;3;6;.500;1;2;.500;3;3;1.000;3;3;6;4;1;0;1;2;10;-5
06/01/2023;CLE;8;netora01;Raul Neto;20:20;2;4;.500;2;4;.500;0;0;;0;1;1;5;0;0;0;1;6;+2
06/01/2023;CLE;9;stevela01;Lamar Stevens;13:30;2;6;.333;0;1;.000;2;2;1.000;1;0;1;1;0;1;0;0;6;+6
06/01/2023;CLE;10;lopezro01;Robin Lopez;1:18;0;0;;0;0;;0;0;;0;0;0;0;0;0;0;0;0;0
06/01/2023;CLE;11;mitchdo01;Donovan Mitchell;Did Not Play
06/01/2023;CLE;0;jokicni01;Nikola Jokić;35:23;10;17;.588;3;4;.750;5;5;1.000;4;11;15;10;2;0;4;4;28;+18
06/01/2023;CLE;1;portemi01;Michael Porter Jr.;32:54;5;13;.385;3;8;.375;3;4;.750;3;5;8;1;0;0;1;2;16;+13
06/01/2023;CLE;2;murraja01;Jamal Murray;32:23;7;13;.538;2;5;.400;2;2;1.000;2;2;4;2;1;2;1;3;18;+7
06/01/2023;CLE;3;gordoaa01;Aaron Gordon;29:57;4;8;.500;1;2;.500;3;6;.500;2;8;10;1;0;0;0;2;12;+16
06/01/2023;CLE;4;caldwke01;Kentavious Caldwell-Pope;29:54;4;7;.571;2;4;.500;4;4;1.000;0;1;1;2;0;0;1;1;14;+15
06/01/2023;CLE;5;Reserves;Reserves
06/01/2023;CLE;6;brownbr01;Bruce Brown;28:00;5;10;.500;3;5;.600;0;0;;1;4;5;6;1;0;1;2;13;+10
06/01/2023;CLE;7;cancavl01;Vlatko Čančar;18:03;2;3;.667;1;2;.500;0;0;;1;0;1;3;1;0;0;5;5;-3
06/01/2023;CLE;8;hylanbo01;Bones Hyland;16:55;5;8;.625;2;4;.500;1;2;.500;0;2;2;2;0;0;3;0;13;-6
06/01/2023;CLE;9;nnajize01;Zeke Nnaji;6:41;0;1;.000;0;1;.000;0;0;;0;0;0;0;0;0;1;1;0;-4
06/01/2023;CLE;10;jordade01;DeAndre Jordan;5:56;1;1;1.000;0;0;;0;0;;0;2;2;1;0;2;0;3;2;-1
06/01/2023;CLE;11;braunch01;Christian Braun;1:18;0;0;;0;0;;0;0;;0;0;0;0;0;0;0;0;0;0
06/01/2023;CLE;12;reedda01;Davon Reed;1:18;0;0;;0;0;;0;0;;0;1;1;0;0;0;0;0;0;0
06/01/2023;CLE;13;smithis01;Ish Smith;1:18;0;0;;0;0;;0;0;;0;0;0;0;0;0;0;0;0;0
