dateId;teamId;order;playerId;Starters;MP;FG;FGA;FG%;3P;3PA;3P%;FT;FTA;FT%;ORB;DRB;TRB;AST;STL;BLK;TOV;PF;PTS;+/-
14/02/2023;GSW;0;greendr01;Draymond Green;33:10;6;6;1.000;1;1;1.000;2;2;1.000;0;5;5;7;1;0;3;3;15;-9
14/02/2023;GSW;1;poolejo01;Jordan Poole;32:45;10;20;.500;3;10;.300;5;6;.833;0;2;2;6;0;0;0;4;28;-12
14/02/2023;GSW;2;divindo01;Donte DiVincenzo;29:15;3;6;.500;2;4;.500;2;2;1.000;1;0;1;4;1;0;1;3;10;-18
14/02/2023;GSW;3;thompkl01;Klay Thompson;28:28;7;14;.500;4;7;.571;0;1;.000;0;2;2;2;0;0;1;0;18;-9
14/02/2023;GSW;4;looneke01;Kevon Looney;27:03;5;7;.714;0;0;;1;2;.500;6;8;14;1;0;1;0;2;11;-11
14/02/2023;GSW;5;Reserves;Reserves
14/02/2023;GSW;6;lamban01;Anthony Lamb;25:29;3;5;.600;1;3;.333;1;3;.333;0;2;2;3;0;0;0;2;8;+3
14/02/2023;GSW;7;kuminjo01;Jonathan Kuminga;22:02;5;12;.417;2;4;.500;4;6;.667;1;4;5;1;0;0;3;3;16;+2
14/02/2023;GSW;8;jeromty01;Ty Jerome;16:31;3;5;.600;1;1;1.000;4;5;.800;0;2;2;2;0;0;1;2;11;+2
14/02/2023;GSW;9;moodymo01;Moses Moody;13:21;3;8;.375;1;4;.250;0;0;;0;1;1;1;0;0;0;0;7;+8
14/02/2023;GSW;10;greenja01;JaMychal Green;9:28;0;0;;0;0;;0;0;;0;2;2;1;0;0;2;3;0;-12
14/02/2023;GSW;11;baldwpa01;Patrick Baldwin Jr.;2:28;0;0;;0;0;;0;0;;0;0;0;0;0;0;0;0;0;+6
14/02/2023;GSW;0;leonaka01;Kawhi Leonard;34:26;12;17;.706;7;9;.778;2;2;1.000;1;6;7;4;1;1;1;1;33;+14
14/02/2023;GSW;1;georgpa01;Paul George;31:32;6;12;.500;1;5;.200;7;7;1.000;1;1;2;8;0;0;2;4;20;+9
14/02/2023;GSW;2;zubaciv01;Ivica Zubac;28:10;5;9;.556;0;0;;0;0;;0;2;2;3;0;1;1;3;10;+8
14/02/2023;GSW;3;mannte01;Terance Mann;26:54;7;10;.700;2;3;.667;0;0;;3;2;5;6;0;0;0;1;16;+2
14/02/2023;GSW;4;morrima03;Marcus Morris;23:27;2;7;.286;2;4;.500;0;0;;0;3;3;1;0;0;0;2;6;+16
14/02/2023;GSW;5;Reserves;Reserves
14/02/2023;GSW;6;powelno01;Norman Powell;25:09;10;17;.588;3;5;.600;1;1;1.000;1;2;3;1;1;0;1;2;24;+5
14/02/2023;GSW;7;gordoer01;Eric Gordon;21:35;2;7;.286;1;3;.333;2;3;.667;0;3;3;3;0;2;0;0;7;+2
14/02/2023;GSW;8;plumlma01;Mason Plumlee;17:11;2;2;1.000;0;0;;4;4;1.000;2;3;5;3;1;0;1;2;8;+6
14/02/2023;GSW;9;hylanbo01;Bones Hyland;15:51;2;6;.333;1;3;.333;1;3;.333;3;1;4;2;1;0;0;5;6;+2
14/02/2023;GSW;10;batumni01;Nicolas Batum;8:21;0;3;.000;0;3;.000;0;0;;1;1;2;2;1;0;0;1;0;+4
14/02/2023;GSW;11;bostobr01;Brandon Boston Jr.;2:28;0;0;;0;0;;2;2;1.000;0;0;0;0;0;0;0;1;2;-6
14/02/2023;GSW;12;coffeam01;Amir Coffey;2:28;1;2;.500;0;1;.000;0;0;;0;0;0;0;0;0;1;0;2;-6
14/02/2023;GSW;13;diabamo01;Moussa Diabaté;2:28;0;0;;0;0;;0;0;;0;0;0;0;0;0;1;0;0;-6
14/02/2023;GSW;14;covinro01;Robert Covington;Did Not Play
14/02/2023;GSW;15;prestja01;Jason Preston;Did Not Play
