dateId;teamId;order;playerId;Starters;MP;FG;FGA;FG%;3P;3PA;3P%;FT;FTA;FT%;ORB;DRB;TRB;AST;STL;BLK;TOV;PF;PTS;+/-
11/02/2023;SAS;0;johnske04;Keldon Johnson;29:03;9;14;.643;0;2;.000;7;9;.778;0;2;2;2;1;0;2;3;25;-23
11/02/2023;SAS;1;branhma01;Malaki Branham;28:02;4;15;.267;2;8;.250;0;0;;2;4;6;1;0;0;0;2;10;-11
11/02/2023;SAS;2;jonestr01;Tre Jones;24:48;3;8;.375;0;1;.000;2;2;1.000;3;4;7;3;2;0;2;0;8;-17
11/02/2023;SAS;3;colliza01;Zach Collins;23:21;4;10;.400;1;3;.333;0;0;;2;3;5;4;1;1;5;3;9;-7
11/02/2023;SAS;4;sochaje01;Jeremy Sochan;21:20;7;15;.467;2;7;.286;2;2;1.000;1;8;9;5;1;1;1;0;18;-5
11/02/2023;SAS;5;Reserves;Reserves
11/02/2023;SAS;6;grahade01;Devonte' Graham;23:43;3;8;.375;3;7;.429;0;0;;0;2;2;4;2;2;1;0;9;-12
11/02/2023;SAS;7;robyis01;Isaiah Roby;20:11;2;7;.286;0;2;.000;0;0;;1;5;6;1;1;1;3;5;4;-7
11/02/2023;SAS;8;bateske01;Keita Bates-Diop;19:32;1;4;.250;1;2;.500;2;2;1.000;1;1;2;3;0;0;1;1;5;+1
11/02/2023;SAS;9;barlodo01;Dominick Barlow;18:56;3;5;.600;0;0;;2;2;1.000;2;1;3;1;0;0;3;2;8;-21
11/02/2023;SAS;10;johnsst04;Stanley Johnson;15:27;3;3;1.000;1;1;1.000;0;0;;1;3;4;0;0;0;1;0;7;+1
11/02/2023;SAS;11;dienggo01;Gorgui Dieng;9:25;1;3;.333;1;3;.333;0;0;;1;1;2;0;1;0;0;0;3;+5
11/02/2023;SAS;12;weslebl01;Blake Wesley;6:12;0;2;.000;0;1;.000;0;0;;0;1;1;1;0;0;0;1;0;+1
11/02/2023;SAS;0;murrade01;Dejounte Murray;33:06;8;18;.444;2;5;.400;0;0;;1;6;7;3;1;0;1;1;18;+12
11/02/2023;SAS;1;huntede01;De'Andre Hunter;32:51;8;13;.615;2;5;.400;6;9;.667;1;4;5;1;3;0;1;2;24;+21
11/02/2023;SAS;2;youngtr01;Trae Young;32:37;9;19;.474;2;5;.400;4;4;1.000;1;3;4;17;1;1;5;0;24;+24
11/02/2023;SAS;3;collijo01;John Collins;31:07;6;14;.429;1;4;.250;4;4;1.000;0;3;3;2;2;2;0;4;17;+26
11/02/2023;SAS;4;capelca01;Clint Capela;29:03;7;12;.583;0;0;;0;0;;6;6;12;1;0;3;0;1;14;+27
11/02/2023;SAS;5;Reserves;Reserves
11/02/2023;SAS;6;bogdabo01;Bogdan Bogdanović;26:51;5;9;.556;3;3;1.000;0;0;;1;2;3;2;0;0;0;0;13;0
11/02/2023;SAS;7;okongon01;Onyeka Okongwu;18:57;3;6;.500;0;0;;0;0;;0;3;3;2;1;0;1;0;6;-8
11/02/2023;SAS;8;griffaj01;AJ Griffin;16:53;1;7;.143;0;3;.000;0;0;;0;3;3;0;0;0;1;2;2;-7
11/02/2023;SAS;9;johnsja05;Jalen Johnson;15:09;2;4;.500;0;1;.000;1;2;.500;3;3;6;1;1;0;1;0;5;-2
11/02/2023;SAS;10;holidaa01;Aaron Holiday;1:43;1;1;1.000;0;0;;0;0;;1;1;2;0;0;0;0;0;2;+1
11/02/2023;SAS;11;martity01;Tyrese Martin;1:43;0;0;;0;0;;0;0;;0;0;0;0;0;0;0;0;0;+1
11/02/2023;SAS;12;fernabr01;Bruno Fernando;Did Not Dress
11/02/2023;SAS;13;mathega01;Garrison Mathews;Did Not Dress
