dateId;teamId;order;playerId;Starters;MP;FG;FGA;FG%;3P;3PA;3P%;FT;FTA;FT%;ORB;DRB;TRB;AST;STL;BLK;TOV;PF;PTS;+/-
31/03/2023;SAC;0;sabondo01;Domantas Sabonis;33:00;9;14;.643;0;0;;2;5;.400;3;9;12;8;2;0;5;2;20;
31/03/2023;SAC;1;barneha02;Harrison Barnes;30:16;2;6;.333;1;4;.250;6;6;1.000;2;0;2;1;1;0;1;1;11;
31/03/2023;SAC;2;murrake02;Keegan Murray;27:13;8;14;.571;4;7;.571;0;0;;1;2;3;3;1;3;0;4;20;
31/03/2023;SAC;3;foxde01;De'Aaron Fox;27:08;8;11;.727;1;3;.333;3;4;.750;1;7;8;11;2;0;2;3;20;
31/03/2023;SAC;4;huertke01;Kevin Huerter;22:10;5;9;.556;4;8;.500;0;0;;0;2;2;1;0;1;1;2;14;
31/03/2023;SAC;5;Reserves;Reserves
31/03/2023;SAC;6;monkma01;Malik Monk;24:47;8;12;.667;4;7;.571;0;0;;0;2;2;5;1;1;0;3;20;
31/03/2023;SAC;7;mitchda01;Davion Mitchell;18:53;2;3;.667;0;1;.000;0;0;;0;2;2;5;0;0;1;1;4;
31/03/2023;SAC;8;edwarke02;Kessler Edwards;17:55;4;7;.571;2;4;.500;0;0;;0;0;0;2;2;1;1;1;10;
31/03/2023;SAC;9;lylestr01;Trey Lyles;15:52;3;5;.600;1;2;.500;0;0;;1;7;8;1;1;0;2;2;7;
31/03/2023;SAC;10;lenal01;Alex Len;12:45;2;2;1.000;0;0;;0;0;;0;2;2;0;0;1;0;2;4;
31/03/2023;SAC;11;daviste02;Terence Davis;3:40;3;3;1.000;2;2;1.000;0;0;;0;0;0;0;1;0;0;0;8;
31/03/2023;SAC;12;doziepj01;PJ Dozier;2:07;0;0;;0;0;;0;0;;0;0;0;0;0;0;0;0;0;
31/03/2023;SAC;13;holmeri01;Richaun Holmes;2:07;0;1;.000;0;1;.000;0;0;;0;0;0;1;0;0;0;0;0;
31/03/2023;SAC;14;metuch01;Chimezie Metu;2:07;0;1;.000;0;0;;0;0;;0;0;0;0;0;0;0;0;0;
31/03/2023;SAC;0;sharpsh01;Shaedon Sharpe;36:53;10;20;.500;4;10;.400;3;4;.750;0;3;3;5;1;2;6;1;27;
31/03/2023;SAC;1;mayssk01;Skylar Mays;30:05;5;8;.625;3;6;.500;1;1;1.000;1;1;2;6;1;0;2;1;14;
31/03/2023;SAC;2;eubandr01;Drew Eubanks;28:03;7;10;.700;0;0;;4;7;.571;5;5;10;1;2;1;2;3;18;
31/03/2023;SAC;3;thybuma01;Matisse Thybulle;23:46;2;4;.500;2;3;.667;2;2;1.000;0;2;2;1;1;2;2;2;8;
31/03/2023;SAC;4;watfotr01;Trendon Watford;21:57;3;9;.333;0;2;.000;2;4;.500;1;3;4;2;1;0;1;0;8;
31/03/2023;SAC;5;Reserves;Reserves
31/03/2023;SAC;6;knoxke01;Kevin Knox;27:28;3;10;.300;1;4;.250;2;3;.667;1;3;4;5;1;0;3;0;9;
31/03/2023;SAC;7;harrish01;Shaquille Harrison;24:21;2;4;.500;2;2;1.000;0;0;;0;5;5;4;0;0;0;4;6;
31/03/2023;SAC;8;walkeja01;Jabari Walker;19:57;5;12;.417;4;6;.667;0;0;;1;1;2;3;0;1;2;2;14;
31/03/2023;SAC;9;butlejo01;John Butler;15:53;1;4;.250;1;3;.333;0;0;;0;0;0;2;1;0;0;2;3;
31/03/2023;SAC;10;littlna01;Nassir Little;11:37;2;4;.500;2;2;1.000;1;2;.500;0;1;1;0;1;0;0;0;7;
31/03/2023;SAC;11;reddica01;Cam Reddish;Did Not Dress
