dateId;teamId;order;playerId;Starters;MP;FG;FGA;FG%;3P;3PA;3P%;FT;FTA;FT%;ORB;DRB;TRB;AST;STL;BLK;TOV;PF;PTS;+/-
11/02/2023;IND;0;halibty01;Tyrese Haliburton;35:04;8;16;.500;5;8;.625;0;0;;3;3;6;7;2;0;2;0;21;-17
11/02/2023;IND;1;hieldbu01;Buddy Hield;30:26;6;13;.462;4;10;.400;0;0;;3;1;4;3;2;0;1;2;16;-9
11/02/2023;IND;2;turnemy01;Myles Turner;26:09;7;10;.700;0;2;.000;6;8;.750;2;1;3;2;1;0;0;3;20;-7
11/02/2023;IND;3;nesmiaa01;Aaron Nesmith;25:39;0;6;.000;0;2;.000;3;4;.750;1;1;2;3;0;1;0;2;3;+10
11/02/2023;IND;4;nembhan01;Andrew Nembhard;19:40;3;7;.429;1;3;.333;0;0;;0;2;2;2;1;0;1;2;7;+4
11/02/2023;IND;5;Reserves;Reserves
11/02/2023;IND;6;mathube01;Bennedict Mathurin;30:59;7;18;.389;1;7;.143;1;1;1.000;2;1;3;4;1;0;0;4;16;-19
11/02/2023;IND;7;mccontj01;T.J. McConnell;20:57;4;9;.444;1;2;.500;0;0;;1;1;2;3;0;0;1;2;9;-12
11/02/2023;IND;8;duartch01;Chris Duarte;18:15;3;6;.500;1;3;.333;2;2;1.000;2;0;2;1;0;0;2;0;9;-8
11/02/2023;IND;9;jacksis01;Isaiah Jackson;18:03;3;4;.750;0;0;;0;0;;2;2;4;2;1;2;0;3;6;-12
11/02/2023;IND;10;smithja04;Jalen Smith;8:13;1;5;.200;0;2;.000;1;2;.500;1;1;2;0;0;0;0;0;3;-5
11/02/2023;IND;11;brissos01;Oshae Brissett;6:35;1;1;1.000;1;1;1.000;0;0;;0;3;3;0;0;0;0;0;3;+5
11/02/2023;IND;0;porzikr01;Kristaps Porziņģis;32:16;4;8;.500;1;3;.333;8;8;1.000;4;6;10;5;0;1;0;2;17;+14
11/02/2023;IND;1;bealbr01;Bradley Beal;31:00;13;18;.722;4;5;.800;2;2;1.000;1;3;4;6;1;1;5;4;32;+13
11/02/2023;IND;2;kispeco01;Corey Kispert;29:41;5;9;.556;3;7;.429;0;0;;0;3;3;1;0;0;0;0;13;+9
11/02/2023;IND;3;gaffoda01;Daniel Gafford;29:31;6;6;1.000;0;0;;1;3;.333;1;4;5;2;0;4;2;3;13;+4
11/02/2023;IND;4;morrimo01;Monte Morris;27:19;7;10;.700;0;2;.000;3;3;1.000;1;5;6;4;1;0;1;0;17;+5
11/02/2023;IND;5;Reserves;Reserves
11/02/2023;IND;6;avdijde01;Deni Avdija;29:52;7;8;.875;1;2;.500;1;2;.500;0;6;6;3;0;1;2;2;16;+16
11/02/2023;IND;7;wrighde01;Delon Wright;22:58;2;4;.500;1;1;1.000;4;4;1.000;0;0;0;5;1;0;2;1;9;+16
11/02/2023;IND;8;nunnke01;Kendrick Nunn;22:13;4;8;.500;2;4;.500;0;0;;0;3;3;6;1;0;1;1;10;+22
11/02/2023;IND;9;gillan01;Anthony Gill;3:26;0;0;;0;0;;0;0;;0;0;0;0;0;0;1;0;0;-7
11/02/2023;IND;10;goodwjo01;Jordan Goodwin;3:02;0;1;.000;0;1;.000;0;0;;0;1;1;0;0;0;1;1;0;-7
11/02/2023;IND;11;careyve01;Vernon Carey Jr.;2:54;0;1;.000;0;0;;0;0;;0;0;0;0;0;0;0;1;0;-5
11/02/2023;IND;12;davisjo06;Johnny Davis;2:54;0;1;.000;0;0;;0;0;;0;1;1;0;1;0;1;1;0;-5
11/02/2023;IND;13;jacksqu01;Quenton Jackson;2:54;0;1;.000;0;1;.000;0;0;;1;0;1;0;0;0;0;0;0;-5
11/02/2023;IND;14;gibsota01;Taj Gibson;Did Not Play
