dateId;teamId;order;playerId;Starters;MP;FG;FGA;FG%;3P;3PA;3P%;FT;FTA;FT%;ORB;DRB;TRB;AST;STL;BLK;TOV;PF;PTS;+/-
23/01/2023;CHO;0;roziete01;Terry Rozier;35:13;9;23;.391;2;8;.250;3;5;.600;1;4;5;2;1;0;1;3;23;-12
23/01/2023;CHO;1;mcdanja01;Jalen McDaniels;28:06;4;9;.444;0;2;.000;1;2;.500;1;8;9;3;1;1;3;4;9;-2
23/01/2023;CHO;2;washipj01;P.J. Washington;26:52;1;7;.143;0;2;.000;1;2;.500;0;3;3;1;1;0;3;5;3;-20
23/01/2023;CHO;3;plumlma01;Mason Plumlee;26:12;5;6;.833;0;0;;8;11;.727;4;4;8;5;0;1;2;0;18;-6
23/01/2023;CHO;4;haywago01;Gordon Hayward;23:57;4;7;.571;0;0;;3;4;.750;0;2;2;1;1;0;4;1;11;-22
23/01/2023;CHO;5;Reserves;Reserves
23/01/2023;CHO;6;smithde03;Dennis Smith Jr.;28:58;6;11;.545;0;1;.000;3;4;.750;0;3;3;9;0;0;0;3;15;-15
23/01/2023;CHO;7;mcgowbr01;Bryce McGowens;27:33;0;7;.000;0;2;.000;2;2;1.000;1;3;4;1;0;0;0;3;2;-3
23/01/2023;CHO;8;willima07;Mark Williams;17:31;5;7;.714;0;0;;1;2;.500;3;0;3;0;2;3;1;3;11;-19
23/01/2023;CHO;9;thorjt01;JT Thor;17:04;0;3;.000;0;1;.000;2;2;1.000;1;3;4;0;1;0;0;1;2;-5
23/01/2023;CHO;10;joneska01;Kai Jones;4:17;2;2;1.000;0;0;;0;0;;0;1;1;0;0;0;0;0;4;+7
23/01/2023;CHO;11;richani01;Nick Richards;4:17;2;3;.667;0;0;;0;0;;0;0;0;0;1;2;0;0;4;+7
23/01/2023;CHO;12;bouknja01;James Bouknight;Did Not Play
23/01/2023;CHO;0;markkla01;Lauri Markkanen;32:23;8;14;.571;4;8;.500;5;6;.833;0;11;11;2;1;1;2;3;25;+23
23/01/2023;CHO;1;clarkjo01;Jordan Clarkson;28:52;8;16;.500;2;7;.286;0;0;;0;0;0;2;0;0;3;2;18;+4
23/01/2023;CHO;2;conlemi01;Mike Conley;27:17;5;12;.417;4;8;.500;0;0;;0;3;3;3;1;1;0;2;14;+21
23/01/2023;CHO;3;kesslwa01;Walker Kessler;22:28;5;6;.833;0;0;;3;4;.750;4;5;9;0;0;0;2;5;13;+15
23/01/2023;CHO;4;beaslma01;Malik Beasley;19:50;3;6;.500;3;6;.500;0;0;;0;2;2;2;2;0;2;1;9;+4
23/01/2023;CHO;5;Reserves;Reserves
23/01/2023;CHO;6;hortota01;Talen Horton-Tucker;22:10;3;6;.500;0;1;.000;1;3;.333;0;2;2;6;1;0;0;1;7;+19
23/01/2023;CHO;7;vandeja01;Jarred Vanderbilt;21:15;0;3;.000;0;1;.000;4;4;1.000;1;5;6;4;2;0;0;2;4;+10
23/01/2023;CHO;8;sextoco01;Collin Sexton;20:14;3;8;.375;0;1;.000;5;5;1.000;2;0;2;3;0;0;2;2;11;+3
23/01/2023;CHO;9;agbajoc01;Ochai Agbaji;20:10;3;7;.429;2;5;.400;0;0;;0;4;4;2;1;0;1;3;8;+18
23/01/2023;CHO;10;gayru01;Rudy Gay;9:36;1;3;.333;0;1;.000;2;2;1.000;1;4;5;0;0;0;1;2;4;+1
23/01/2023;CHO;11;alexani01;Nickeil Alexander-Walker;4:17;1;1;1.000;0;0;;2;2;1.000;0;0;0;1;0;1;0;0;4;-7
23/01/2023;CHO;12;fontesi01;Simone Fontecchio;4:17;1;1;1.000;1;1;1.000;0;0;;1;1;2;0;0;0;2;1;3;-7
23/01/2023;CHO;13;azubuud01;Udoka Azubuike;4:17;0;1;.000;0;0;;0;0;;0;0;0;0;0;1;1;2;0;-7
23/01/2023;CHO;14;bolmale01;Leandro Bolmaro;2:54;0;2;.000;0;1;.000;0;0;;0;0;0;0;0;0;0;0;0;-7
