dateId;teamId;order;playerId;Starters;MP;FG;FGA;FG%;3P;3PA;3P%;FT;FTA;FT%;ORB;DRB;TRB;AST;STL;BLK;TOV;PF;PTS;+/-
04/04/2023;SAC;0;murrake02;Keegan Murray;34:44;7;12;.583;7;10;.700;0;0;;3;3;6;1;0;1;1;2;21;+8
04/04/2023;SAC;1;sabondo01;Domantas Sabonis;32:05;7;12;.583;1;2;.500;1;2;.500;3;9;12;11;0;0;2;3;16;+6
04/04/2023;SAC;2;barneha02;Harrison Barnes;31:29;5;9;.556;1;3;.333;5;5;1.000;0;0;0;1;3;0;0;0;16;+17
04/04/2023;SAC;3;foxde01;De'Aaron Fox;29:39;10;23;.435;2;6;.333;1;2;.500;2;3;5;9;1;0;3;0;23;+18
04/04/2023;SAC;4;huertke01;Kevin Huerter;21:56;5;10;.500;1;5;.200;0;0;;1;2;3;4;2;1;1;3;11;-2
04/04/2023;SAC;5;Reserves;Reserves
04/04/2023;SAC;6;monkma01;Malik Monk;23:03;6;9;.667;2;5;.400;3;4;.750;0;2;2;3;2;0;0;2;17;+23
04/04/2023;SAC;7;mitchda01;Davion Mitchell;15:20;3;5;.600;2;3;.667;0;0;;1;0;1;2;0;0;1;1;8;+3
04/04/2023;SAC;8;lenal01;Alex Len;12:54;1;1;1.000;0;0;;2;2;1.000;1;3;4;1;0;2;1;4;4;+15
04/04/2023;SAC;9;lylestr01;Trey Lyles;12:38;0;4;.000;0;4;.000;0;0;;0;3;3;0;0;0;0;3;0;+14
04/04/2023;SAC;10;edwarke02;Kessler Edwards;11:07;0;2;.000;0;2;.000;0;0;;0;5;5;1;0;0;1;2;0;+3
04/04/2023;SAC;11;daviste02;Terence Davis;3:01;1;3;.333;1;2;.500;0;0;;0;0;0;1;0;0;0;1;3;-3
04/04/2023;SAC;12;doziepj01;PJ Dozier;3:01;1;1;1.000;0;0;;0;0;;0;1;1;0;0;0;0;0;2;-3
04/04/2023;SAC;13;elliske01;Keon Ellis;3:01;0;0;;0;0;;0;0;;0;0;0;1;0;0;0;1;0;-3
04/04/2023;SAC;14;holmeri01;Richaun Holmes;3:01;0;0;;0;0;;0;0;;0;1;1;0;0;0;0;0;0;-3
04/04/2023;SAC;15;metuch01;Chimezie Metu;3:01;0;0;;0;0;;0;0;;0;0;0;0;0;0;1;0;0;-3
04/04/2023;SAC;0;ingrabr01;Brandon Ingram;37:24;7;15;.467;1;2;.500;7;8;.875;2;5;7;6;2;1;7;2;22;-18
04/04/2023;SAC;1;murphtr02;Trey Murphy III;35:35;6;12;.500;3;8;.375;2;3;.667;0;2;2;2;1;0;0;2;17;-9
04/04/2023;SAC;2;mccolcj01;CJ McCollum;35:09;6;19;.316;0;4;.000;0;0;;0;5;5;3;0;1;1;2;12;-22
04/04/2023;SAC;3;joneshe01;Herbert Jones;30:53;5;10;.500;1;1;1.000;0;0;;1;3;4;3;1;0;2;1;11;-2
04/04/2023;SAC;4;valanjo01;Jonas Valančiūnas;27:19;5;10;.500;0;0;;3;4;.750;3;5;8;4;0;0;1;3;13;-1
04/04/2023;SAC;5;Reserves;Reserves
04/04/2023;SAC;6;richajo01;Josh Richardson;19:41;1;4;.250;1;2;.500;0;0;;0;0;0;0;1;0;1;1;3;-20
04/04/2023;SAC;7;nancela02;Larry Nance Jr.;17:40;2;3;.667;0;0;;3;4;.750;1;2;3;0;0;2;0;2;7;-20
04/04/2023;SAC;8;marshna01;Naji Marshall;14:24;1;5;.200;0;1;.000;2;3;.667;0;2;2;1;1;0;1;1;4;-11
04/04/2023;SAC;9;daniedy01;Dyson Daniels;12:50;4;4;1.000;1;1;1.000;3;3;1.000;1;3;4;1;0;0;0;0;12;+4
04/04/2023;SAC;10;lewiski01;Kira Lewis Jr.;3:01;0;0;;0;0;;2;2;1.000;0;0;0;0;0;0;0;0;2;+3
04/04/2023;SAC;11;hayesja02;Jaxson Hayes;3:01;0;1;.000;0;0;;0;0;;0;1;1;0;0;0;0;0;0;+3
04/04/2023;SAC;12;templga01;Garrett Temple;3:01;0;1;.000;0;1;.000;0;0;;1;0;1;0;0;0;0;0;0;+3
04/04/2023;SAC;13;hernawi01;Willy Hernangómez;Did Not Play
04/04/2023;SAC;14;seabrde01;Dereon Seabron;Did Not Play
