dateId;teamId;order;playerId;Starters;MP;FG;FGA;FG%;3P;3PA;3P%;FT;FTA;FT%;ORB;DRB;TRB;AST;STL;BLK;TOV;PF;PTS;+/-
09/01/2023;LAL;0;schrode01;Dennis Schröder;34:24;3;13;.231;0;5;.000;8;8;1.000;0;3;3;4;2;0;1;3;14;-16
09/01/2023;LAL;1;bryanth01;Thomas Bryant;27:54;6;14;.429;0;1;.000;5;5;1.000;2;8;10;0;1;0;0;1;17;-15
09/01/2023;LAL;2;chrisma02;Max Christie;25:52;6;8;.750;2;3;.667;0;0;;0;3;3;1;0;0;0;1;14;-10
09/01/2023;LAL;3;toscaju01;Juan Toscano-Anderson;18:06;2;4;.500;0;0;;1;2;.500;1;0;1;3;0;0;0;0;5;0
09/01/2023;LAL;4;beverpa01;Patrick Beverley;12:01;0;1;.000;0;1;.000;0;0;;1;0;1;0;1;0;2;0;0;-3
09/01/2023;LAL;5;Reserves;Reserves
09/01/2023;LAL;6;westbru01;Russell Westbrook;30:51;10;21;.476;1;4;.250;4;7;.571;1;6;7;7;1;0;7;2;25;-9
09/01/2023;LAL;7;swideco01;Cole Swider;25:40;2;6;.333;2;5;.400;0;0;;0;5;5;3;0;0;0;2;6;-2
09/01/2023;LAL;8;nunnke01;Kendrick Nunn;23:55;6;15;.400;2;7;.286;1;2;.500;1;0;1;1;3;0;2;3;15;-4
09/01/2023;LAL;9;gabriwe01;Wenyen Gabriel;19:15;4;6;.667;1;1;1.000;0;0;;2;3;5;0;0;2;1;0;9;-8
09/01/2023;LAL;10;brownst02;Sterling Brown;17:30;0;3;.000;0;1;.000;0;0;;3;4;7;1;3;0;0;1;0;-2
09/01/2023;LAL;11;pippesc02;Scotty Pippen Jr.;2:16;2;2;1.000;0;0;;0;1;.000;0;0;0;0;1;0;0;0;4;+2
09/01/2023;LAL;12;jonesda03;Damian Jones;2:16;0;0;;0;0;;0;0;;0;1;1;0;0;0;0;1;0;+2
09/01/2023;LAL;0;murraja01;Jamal Murray;35:33;13;29;.448;5;9;.556;3;4;.750;4;3;7;4;2;0;3;2;34;+3
09/01/2023;LAL;1;jokicni01;Nikola Jokić;35:09;5;5;1.000;1;1;1.000;3;3;1.000;2;9;11;16;1;1;4;2;14;+10
09/01/2023;LAL;2;caldwke01;Kentavious Caldwell-Pope;30:39;6;14;.429;1;5;.200;3;3;1.000;1;2;3;3;1;0;1;1;16;+18
09/01/2023;LAL;3;portemi01;Michael Porter Jr.;25:53;5;13;.385;2;6;.333;0;0;;2;5;7;0;1;1;0;2;12;+13
09/01/2023;LAL;4;gordoaa01;Aaron Gordon;22:04;4;8;.500;1;5;.200;0;1;.000;1;9;10;0;0;4;4;2;9;+6
09/01/2023;LAL;5;Reserves;Reserves
09/01/2023;LAL;6;brownbr01;Bruce Brown;26:36;6;11;.545;3;7;.429;0;0;;1;6;7;2;0;1;2;2;15;+3
09/01/2023;LAL;7;cancavl01;Vlatko Čančar;25:56;1;4;.250;0;1;.000;0;0;;1;3;4;2;1;0;1;2;2;+7
09/01/2023;LAL;8;hylanbo01;Bones Hyland;19:34;3;10;.300;2;8;.250;4;4;1.000;0;2;2;1;1;1;1;2;12;+2
09/01/2023;LAL;9;nnajize01;Zeke Nnaji;12:50;3;5;.600;0;0;;0;0;;2;1;3;0;0;2;0;3;6;+3
09/01/2023;LAL;10;reedda01;Davon Reed;1:55;0;0;;0;0;;2;2;1.000;0;1;1;0;0;1;0;0;2;0
09/01/2023;LAL;11;braunch01;Christian Braun;1:55;0;0;;0;0;;0;0;;0;0;0;1;0;0;1;0;0;0
09/01/2023;LAL;12;smithis01;Ish Smith;1:55;0;0;;0;0;;0;0;;0;0;0;0;0;0;0;1;0;0
09/01/2023;LAL;13;jordade01;DeAndre Jordan;Did Not Play
