dateId;teamId;order;playerId;Starters;MP;FG;FGA;FG%;3P;3PA;3P%;FT;FTA;FT%;ORB;DRB;TRB;AST;STL;BLK;TOV;PF;PTS;+/-
04/11/2022;CHO;0;smithde03;Dennis Smith Jr.;28:40;3;7;.429;1;2;.500;1;2;.500;0;3;3;5;2;1;3;1;8;-28
04/11/2022;CHO;1;washipj01;P.J. Washington;27:26;2;15;.133;1;7;.143;5;6;.833;2;2;4;0;0;1;2;1;10;-29
04/11/2022;CHO;2;oubreke01;Kelly Oubre Jr.;24:36;5;12;.417;2;5;.400;5;6;.833;0;1;1;1;2;0;2;3;17;-40
04/11/2022;CHO;3;plumlma01;Mason Plumlee;21:44;3;5;.600;0;0;;1;2;.500;2;5;7;3;1;0;1;1;7;-31
04/11/2022;CHO;4;mcdanja01;Jalen McDaniels;21:28;1;5;.200;0;4;.000;2;2;1.000;0;1;1;2;1;0;2;2;4;-33
04/11/2022;CHO;5;Reserves;Reserves
04/11/2022;CHO;6;bouknja01;James Bouknight;27:38;7;10;.700;0;0;;0;0;;2;2;4;5;1;0;1;2;14;0
04/11/2022;CHO;7;thorjt01;JT Thor;26:00;4;12;.333;2;5;.400;1;2;.500;2;3;5;2;1;1;2;0;11;0
04/11/2022;CHO;8;maledth01;Théo Maledon;19:20;3;5;.600;1;2;.500;0;0;;0;5;5;2;1;0;3;3;7;-3
04/11/2022;CHO;9;richani01;Nick Richards;18:53;2;9;.222;0;0;;5;6;.833;4;5;9;2;0;1;1;1;9;-9
04/11/2022;CHO;10;mcgowbr01;Bryce McGowens;16:52;3;5;.600;1;2;.500;5;5;1.000;0;1;1;0;1;0;1;1;12;+9
04/11/2022;CHO;11;joneska01;Kai Jones;7:23;0;1;.000;0;0;;0;0;;0;1;1;0;1;3;0;2;0;+9
04/11/2022;CHO;0;moranja01;Ja Morant;24:54;4;12;.333;1;3;.333;3;4;.750;0;4;4;11;0;0;5;0;12;+40
04/11/2022;CHO;1;banede01;Desmond Bane;24:21;8;16;.500;3;7;.429;0;0;;1;5;6;2;0;0;3;3;19;+29
04/11/2022;CHO;2;brookdi01;Dillon Brooks;22:08;8;12;.667;6;7;.857;1;2;.500;1;3;4;4;0;0;1;4;23;+31
04/11/2022;CHO;3;adamsst01;Steven Adams;21:44;6;10;.600;0;0;;1;2;.500;11;8;19;4;2;2;2;2;13;+31
04/11/2022;CHO;4;aldamsa01;Santi Aldama;21:01;5;9;.556;2;5;.400;0;0;;1;4;5;1;1;2;2;2;12;+19
04/11/2022;CHO;5;Reserves;Reserves
04/11/2022;CHO;6;roddyda01;David Roddy;27:41;4;8;.500;2;5;.400;1;2;.500;1;1;2;0;0;1;1;3;11;+12
04/11/2022;CHO;7;konchjo01;John Konchar;20:53;3;4;.750;2;3;.667;0;0;;1;3;4;1;0;1;0;1;8;+17
04/11/2022;CHO;8;laravja01;Jake LaRavia;19:10;1;4;.250;0;2;.000;2;2;1.000;1;8;9;0;0;0;1;0;4;-9
04/11/2022;CHO;9;clarkbr01;Brandon Clarke;15:55;4;7;.571;0;0;;5;5;1.000;1;1;2;2;0;3;1;3;13;+9
04/11/2022;CHO;10;jonesty01;Tyus Jones;14:08;5;8;.625;0;2;.000;1;1;1.000;0;2;2;3;0;0;0;0;11;+3
04/11/2022;CHO;11;chandke01;Kennedy Chandler;10:21;1;5;.200;0;1;.000;0;0;;0;2;2;4;2;0;1;0;2;-9
04/11/2022;CHO;12;tillmxa01;Xavier Tillman Sr.;10:21;1;2;.500;0;0;;0;0;;0;1;1;1;0;0;1;0;2;-9
04/11/2022;CHO;13;willivi01;Vince Williams Jr.;7:23;0;1;.000;0;1;.000;0;0;;0;0;0;1;1;1;0;2;0;-9
04/11/2022;CHO;14;loftoke01;Kenneth Lofton Jr.;Did Not Play
