dateId;teamId;order;playerId;Starters;MP;FG;FGA;FG%;3P;3PA;3P%;FT;FTA;FT%;ORB;DRB;TRB;AST;STL;BLK;TOV;PF;PTS;+/-
23/11/2022;BRK;0;duranke01;Kevin Durant;32:48;5;10;.500;2;5;.400;0;0;;0;7;7;5;0;3;4;2;12;+30
23/11/2022;BRK;1;simmobe01;Ben Simmons;32:30;7;9;.778;0;0;;0;0;;0;2;2;6;3;2;1;5;14;+15
23/11/2022;BRK;2;claxtni01;Nic Claxton;30:16;6;7;.857;0;0;;2;2;1.000;4;8;12;3;1;4;4;2;14;+24
23/11/2022;BRK;3;irvinky01;Kyrie Irving;28:16;11;16;.688;5;8;.625;2;2;1.000;0;1;1;3;0;0;1;3;29;+16
23/11/2022;BRK;4;onealro01;Royce O'Neale;27:25;5;8;.625;5;8;.625;0;0;;0;4;4;7;4;0;3;3;15;+16
23/11/2022;BRK;5;Reserves;Reserves
23/11/2022;BRK;6;sumneed01;Edmond Sumner;21:12;3;8;.375;0;2;.000;0;1;.000;1;1;2;1;1;1;3;5;6;-2
23/11/2022;BRK;7;morrima02;Markieff Morris;18:00;3;4;.750;3;4;.750;0;0;;1;1;2;2;1;0;1;1;9;+7
23/11/2022;BRK;8;thomaca02;Cam Thomas;17:21;2;5;.400;0;1;.000;1;2;.500;0;3;3;2;0;0;1;2;5;-3
23/11/2022;BRK;9;harrijo01;Joe Harris;14:06;1;7;.143;1;6;.167;0;0;;0;2;2;1;0;0;0;1;3;-7
23/11/2022;BRK;10;millspa02;Patty Mills;6:24;0;2;.000;0;2;.000;0;0;;0;1;1;1;0;0;1;0;0;-11
23/11/2022;BRK;11;sharpda01;Day'Ron Sharpe;3:54;2;3;.667;1;1;1.000;0;0;;1;2;3;0;0;1;0;0;5;-5
23/11/2022;BRK;12;dukeda01;David Duke Jr.;3:54;0;2;.000;0;0;;0;0;;0;0;0;1;0;0;0;0;0;-5
23/11/2022;BRK;13;edwarke02;Kessler Edwards;3:54;0;1;.000;0;1;.000;0;0;;0;0;0;0;0;0;0;0;0;-5
23/11/2022;BRK;0;anunoog01;OG Anunoby;35:33;7;20;.350;0;3;.000;1;1;1.000;1;4;5;4;2;0;5;1;15;-29
23/11/2022;BRK;1;trentga02;Gary Trent Jr.;30:43;6;19;.316;1;8;.125;6;9;.667;1;0;1;3;3;0;3;1;19;-12
23/11/2022;BRK;2;flynnma01;Malachi Flynn;30:04;3;12;.250;2;3;.667;0;0;;0;1;1;3;1;0;1;2;8;-19
23/11/2022;BRK;3;youngth01;Thaddeus Young;27:40;6;10;.600;0;2;.000;0;0;;3;5;8;5;2;0;1;1;12;-13
23/11/2022;BRK;4;kolokch01;Christian Koloko;17:48;1;3;.333;0;0;;2;4;.500;4;1;5;0;0;1;1;2;4;-17
23/11/2022;BRK;5;Reserves;Reserves
23/11/2022;BRK;6;hernaju01;Juancho Hernangómez;32:49;4;9;.444;1;5;.200;1;2;.500;6;4;10;0;3;0;2;4;10;+4
23/11/2022;BRK;7;bouchch01;Chris Boucher;28:51;2;15;.133;0;3;.000;8;8;1.000;8;8;16;0;1;1;0;0;12;0
23/11/2022;BRK;8;dowtije01;Jeff Dowtin;21:12;4;9;.444;1;3;.333;1;1;1.000;0;2;2;1;0;0;0;1;10;+8
23/11/2022;BRK;9;birchkh01;Khem Birch;10:40;1;1;1.000;0;0;;0;0;;0;3;3;0;0;0;0;1;2;+2
23/11/2022;BRK;10;harpero02;Ron Harper Jr.;4:40;2;3;.667;2;2;1.000;0;0;;0;1;1;0;0;0;0;0;6;+6
23/11/2022;BRK;11;bantoda01;Dalano Banton;Did Not Dress
23/11/2022;BRK;12;champju01;Justin Champagnie;Did Not Dress
