dateId;teamId;order;playerId;Starters;MP;FG;FGA;FG%;3P;3PA;3P%;FT;FTA;FT%;ORB;DRB;TRB;AST;STL;BLK;TOV;PF;PTS;+/-
13/01/2023;GSW;0;greendr01;Draymond Green;28:58;3;5;.600;0;1;.000;0;0;;0;12;12;4;3;1;2;3;6;+20
13/01/2023;GSW;1;wiggian01;Andrew Wiggins;27:29;7;17;.412;2;8;.250;0;0;;3;2;5;2;1;2;1;3;16;+18
13/01/2023;GSW;2;curryst01;Stephen Curry;23:07;6;12;.500;2;7;.286;1;1;1.000;0;4;4;3;0;1;0;3;15;+12
13/01/2023;GSW;3;thompkl01;Klay Thompson;22:40;7;10;.700;2;3;.667;0;0;;0;3;3;4;0;0;1;3;16;+19
13/01/2023;GSW;4;looneke01;Kevon Looney;20:59;6;7;.857;0;0;;2;3;.667;2;8;10;3;0;0;2;3;14;+6
13/01/2023;GSW;5;Reserves;Reserves
13/01/2023;GSW;6;poolejo01;Jordan Poole;31:15;8;16;.500;2;6;.333;7;8;.875;1;2;3;6;1;0;2;4;25;+19
13/01/2023;GSW;7;divindo01;Donte DiVincenzo;25:17;7;17;.412;4;12;.333;4;4;1.000;3;4;7;5;2;0;1;2;22;+20
13/01/2023;GSW;8;lamban01;Anthony Lamb;24:16;5;7;.714;3;4;.750;0;0;;2;3;5;2;0;1;1;4;13;+18
13/01/2023;GSW;9;moodymo01;Moses Moody;18:03;4;7;.571;2;5;.400;2;4;.500;1;1;2;3;1;0;0;0;12;+7
13/01/2023;GSW;10;iguodan01;Andre Iguodala;17:56;2;3;.667;1;2;.500;0;0;;0;4;4;1;1;1;2;1;5;+16
13/01/2023;GSW;11;wisemja01;James Wiseman;Did Not Play
13/01/2023;GSW;0;johnske04;Keldon Johnson;30:57;5;11;.455;1;2;.500;6;6;1.000;0;2;2;1;1;1;2;1;17;-40
13/01/2023;GSW;1;jonestr01;Tre Jones;30:12;7;11;.636;2;2;1.000;5;5;1.000;0;1;1;5;0;0;2;2;21;-27
13/01/2023;GSW;2;poeltja01;Jakob Poeltl;26:06;2;9;.222;0;0;;4;4;1.000;3;7;10;5;0;1;3;2;8;-19
13/01/2023;GSW;3;sochaje01;Jeremy Sochan;24:01;2;9;.222;0;1;.000;0;2;.000;3;5;8;0;0;0;2;0;4;-7
13/01/2023;GSW;4;langfro01;Romeo Langford;18:05;4;7;.571;0;1;.000;3;8;.375;0;1;1;2;0;0;0;1;11;-2
13/01/2023;GSW;5;Reserves;Reserves
13/01/2023;GSW;6;mcderdo01;Doug McDermott;22:11;5;7;.714;1;3;.333;3;4;.750;0;2;2;1;1;0;0;1;14;-24
13/01/2023;GSW;7;branhma01;Malaki Branham;21:47;4;8;.500;2;4;.500;2;2;1.000;0;2;2;2;0;0;1;4;12;-21
13/01/2023;GSW;8;richajo01;Josh Richardson;21:01;4;9;.444;1;5;.200;0;0;;1;2;3;5;1;1;0;3;9;-13
13/01/2023;GSW;9;colliza01;Zach Collins;12:07;1;7;.143;0;0;;0;0;;0;4;4;2;0;0;2;4;2;-10
13/01/2023;GSW;10;johnsst04;Stanley Johnson;10:12;1;1;1.000;0;0;;1;2;.500;0;1;1;3;2;0;0;0;3;+4
13/01/2023;GSW;11;robyis01;Isaiah Roby;9:47;2;4;.500;0;2;.000;0;0;;0;3;3;0;1;0;1;0;4;-2
13/01/2023;GSW;12;bateske01;Keita Bates-Diop;6:47;2;3;.667;1;2;.500;1;1;1.000;0;0;0;0;0;0;0;0;6;+3
13/01/2023;GSW;13;weslebl01;Blake Wesley;6:47;1;2;.500;0;0;;0;0;;0;1;1;0;0;0;2;1;2;+3
13/01/2023;GSW;14;dienggo01;Gorgui Dieng;Did Not Play
