dateId;teamId;order;playerId;Starters;MP;FG;FGA;FG%;3P;3PA;3P%;FT;FTA;FT%;ORB;DRB;TRB;AST;STL;BLK;TOV;PF;PTS;+/-
13/03/2023;PHO;0;bookede01;Devin Booker;35:15;12;20;.600;0;2;.000;8;10;.800;2;2;4;1;2;0;2;4;32;-14
13/03/2023;PHO;1;aytonde01;Deandre Ayton;35:05;13;19;.684;0;0;;1;1;1.000;3;9;12;1;1;0;3;0;27;-8
13/03/2023;PHO;2;okogijo01;Josh Okogie;32:03;3;9;.333;2;5;.400;3;6;.500;3;0;3;2;0;0;2;3;11;-10
13/03/2023;PHO;3;paulch01;Chris Paul;30:28;5;13;.385;0;4;.000;1;2;.500;1;4;5;11;1;0;2;2;11;0
13/03/2023;PHO;4;craigto01;Torrey Craig;28:23;1;4;.250;0;3;.000;0;0;;2;3;5;1;1;2;1;2;2;+5
13/03/2023;PHO;5;Reserves;Reserves
13/03/2023;PHO;6;leeda03;Damion Lee;17:41;3;9;.333;1;3;.333;0;0;;2;3;5;1;1;0;0;3;7;-11
13/03/2023;PHO;7;payneca01;Cameron Payne;17:32;4;8;.500;0;1;.000;1;1;1.000;0;1;1;3;1;0;2;1;9;-11
13/03/2023;PHO;8;rosste01;Terrence Ross;15:16;1;5;.200;1;3;.333;0;0;;1;2;3;2;1;0;1;3;3;-14
13/03/2023;PHO;9;wainris01;Ish Wainright;12:54;1;2;.500;0;0;;2;2;1.000;2;3;5;1;0;0;0;2;4;+4
13/03/2023;PHO;10;biyombi01;Bismack Biyombo;9:41;2;5;.400;0;0;;0;0;;1;1;2;2;0;2;1;3;4;-8
13/03/2023;PHO;11;landajo01;Jock Landale;2:51;1;1;1.000;0;0;;0;0;;0;2;2;0;0;0;0;0;2;+6
13/03/2023;PHO;12;warretj01;T.J. Warren;2:51;0;0;;0;0;;0;0;;0;0;0;0;0;0;0;0;0;+6
13/03/2023;PHO;13;bazleda01;Darius Bazley;Did Not Play
13/03/2023;PHO;0;thompkl01;Klay Thompson;33:35;14;23;.609;8;14;.571;2;5;.400;1;4;5;0;1;1;1;0;38;+4
13/03/2023;PHO;1;curryst01;Stephen Curry;33:28;7;13;.538;4;6;.667;5;6;.833;2;5;7;5;0;0;5;4;23;+14
13/03/2023;PHO;2;divindo01;Donte DiVincenzo;31:00;4;9;.444;2;6;.333;0;0;;0;0;0;3;0;0;2;3;10;+3
13/03/2023;PHO;3;greendr01;Draymond Green;30:01;2;3;.667;0;0;;0;0;;1;5;6;4;2;3;1;3;4;-5
13/03/2023;PHO;4;looneke01;Kevon Looney;26:36;4;6;.667;0;0;;1;4;.250;4;6;10;5;1;1;0;2;9;+10
13/03/2023;PHO;5;Reserves;Reserves
13/03/2023;PHO;6;poolejo01;Jordan Poole;30:51;8;16;.500;4;8;.500;0;1;.000;0;1;1;6;0;0;3;3;20;+12
13/03/2023;PHO;7;greenja01;JaMychal Green;21:07;3;5;.600;1;3;.333;2;2;1.000;1;6;7;1;2;1;1;3;9;+1
13/03/2023;PHO;8;iguodan01;Andre Iguodala;16:02;2;3;.667;0;1;.000;2;3;.667;0;2;2;3;1;0;0;3;6;+19
13/03/2023;PHO;9;moodymo01;Moses Moody;14:57;1;5;.200;0;1;.000;2;3;.667;0;2;2;1;1;0;1;0;4;+3
13/03/2023;PHO;10;baldwpa01;Patrick Baldwin Jr.;2:23;0;0;;0;0;;0;0;;0;1;1;0;0;0;0;0;0;-6
13/03/2023;PHO;11;rolliry01;Ryan Rollins;Did Not Dress
