dateId;teamId;order;playerId;Starters;MP;FG;FGA;FG%;3P;3PA;3P%;FT;FTA;FT%;ORB;DRB;TRB;AST;STL;BLK;TOV;PF;PTS;+/-
20/12/2022;MEM;0;moranja01;Ja Morant;38:04;12;26;.462;3;6;.500;8;10;.800;0;1;1;10;0;0;7;2;35;-16
20/12/2022;MEM;1;adamsst01;Steven Adams;30:05;2;5;.400;0;0;;0;0;;4;6;10;2;1;0;2;2;4;-8
20/12/2022;MEM;2;brookdi01;Dillon Brooks;29:24;5;14;.357;0;5;.000;1;1;1.000;0;7;7;1;3;0;1;5;11;-21
20/12/2022;MEM;3;jacksja02;Jaren Jackson Jr.;21:45;3;6;.500;1;3;.333;1;2;.500;0;2;2;1;3;5;1;5;8;-13
20/12/2022;MEM;4;konchjo01;John Konchar;15:34;0;1;.000;0;1;.000;0;0;;0;1;1;1;0;0;0;0;0;-14
20/12/2022;MEM;5;Reserves;Reserves
20/12/2022;MEM;6;jonesty01;Tyus Jones;29:55;2;6;.333;0;3;.000;1;1;1.000;1;4;5;4;0;0;1;0;5;-6
20/12/2022;MEM;7;roddyda01;David Roddy;22:59;3;8;.375;1;5;.200;1;4;.250;0;1;1;1;3;1;1;0;8;-2
20/12/2022;MEM;8;willizi02;Ziaire Williams;16:32;1;3;.333;0;2;.000;0;0;;0;4;4;4;0;0;2;1;2;+12
20/12/2022;MEM;9;clarkbr01;Brandon Clarke;16:03;4;7;.571;0;0;;2;3;.667;2;3;5;0;0;1;0;3;10;-10
20/12/2022;MEM;10;aldamsa01;Santi Aldama;14:03;3;4;.750;0;1;.000;0;0;;0;3;3;1;1;0;1;3;6;-4
20/12/2022;MEM;11;tillmxa01;Xavier Tillman Sr.;1:52;1;1;1.000;0;0;;0;0;;0;2;2;0;0;0;0;0;2;+4
20/12/2022;MEM;12;chandke01;Kennedy Chandler;1:52;0;0;;0;0;;0;0;;0;1;1;0;0;0;0;0;0;+4
20/12/2022;MEM;13;laravja01;Jake LaRavia;1:52;0;0;;0;0;;0;0;;0;0;0;0;0;0;0;0;0;+4
20/12/2022;MEM;0;caldwke01;Kentavious Caldwell-Pope;37:39;5;11;.455;2;4;.500;0;0;;0;7;7;1;1;0;3;2;12;+17
20/12/2022;MEM;1;jokicni01;Nikola Jokić;37:05;6;12;.500;1;1;1.000;0;1;.000;4;9;13;13;2;0;4;1;13;+13
20/12/2022;MEM;2;brownbr01;Bruce Brown;35:22;6;15;.400;1;4;.250;3;3;1.000;1;4;5;4;0;2;2;4;16;+22
20/12/2022;MEM;3;braunch01;Christian Braun;28:57;5;11;.455;2;5;.400;1;2;.500;1;2;3;1;1;1;1;3;13;+9
20/12/2022;MEM;4;gordoaa01;Aaron Gordon;27:30;9;16;.563;1;2;.500;5;7;.714;4;3;7;4;2;1;1;0;24;+22
20/12/2022;MEM;5;Reserves;Reserves
20/12/2022;MEM;6;greenje02;Jeff Green;24:03;4;7;.571;0;3;.000;1;6;.167;0;2;2;1;2;1;2;2;9;+1
20/12/2022;MEM;7;cancavl01;Vlatko Čančar;19:58;1;1;1.000;1;1;1.000;0;0;;2;5;7;2;0;0;3;3;3;-4
20/12/2022;MEM;8;hylanbo01;Bones Hyland;15:15;4;15;.267;2;7;.286;2;2;1.000;0;1;1;1;1;0;1;3;12;-7
20/12/2022;MEM;9;nnajize01;Zeke Nnaji;10:55;0;0;;0;0;;3;4;.750;1;1;2;1;0;0;0;1;3;+1
20/12/2022;MEM;10;reedda01;Davon Reed;1:38;0;0;;0;0;;0;0;;0;1;1;0;0;0;0;0;0;-2
20/12/2022;MEM;11;smithis01;Ish Smith;1:38;0;1;.000;0;0;;0;0;;0;0;0;0;0;0;0;0;0;-2
20/12/2022;MEM;12;jordade01;DeAndre Jordan;Did Not Play
