dateId;teamId;order;playerId;Starters;MP;FG;FGA;FG%;3P;3PA;3P%;FT;FTA;FT%;ORB;DRB;TRB;AST;STL;BLK;TOV;PF;PTS;+/-
09/01/2023;NOP;0;marshna01;Naji Marshall;33:41;7;19;.368;1;5;.200;3;5;.600;1;2;3;4;1;0;1;0;18;+19
09/01/2023;NOP;1;mccolcj01;CJ McCollum;30:42;12;21;.571;4;8;.500;6;6;1.000;1;4;5;1;2;1;2;3;34;+9
09/01/2023;NOP;2;valanjo01;Jonas Valančiūnas;28:15;10;15;.667;0;0;;7;8;.875;4;8;12;1;0;0;3;5;27;0
09/01/2023;NOP;3;murphtr02;Trey Murphy III;22:40;3;9;.333;0;5;.000;0;0;;0;1;1;2;1;1;1;1;6;0
09/01/2023;NOP;4;joneshe01;Herbert Jones;12:31;1;2;.500;0;0;;3;4;.750;0;0;0;0;1;0;0;1;5;-6
09/01/2023;NOP;5;Reserves;Reserves
09/01/2023;NOP;6;nancela02;Larry Nance Jr.;25:36;3;6;.500;0;0;;0;0;;2;4;6;3;2;1;0;2;6;+30
09/01/2023;NOP;7;alvarjo01;Jose Alvarado;24:24;3;5;.600;2;2;1.000;2;2;1.000;1;3;4;5;1;0;1;2;10;+17
09/01/2023;NOP;8;daniedy01;Dyson Daniels;19:28;2;3;.667;0;1;.000;0;0;;1;5;6;2;0;1;0;3;4;+5
09/01/2023;NOP;9;hayesja02;Jaxson Hayes;17:35;3;4;.750;0;0;;0;2;.000;1;3;4;0;0;0;0;1;6;+7
09/01/2023;NOP;10;grahade01;Devonte' Graham;17:31;3;5;.600;2;4;.500;3;4;.750;0;1;1;6;1;1;0;2;11;+16
09/01/2023;NOP;11;templga01;Garrett Temple;2:32;1;1;1.000;1;1;1.000;0;0;;0;0;0;0;0;0;0;0;3;+1
09/01/2023;NOP;12;seabrde01;Dereon Seabron;2:32;1;3;.333;0;0;;0;0;;1;0;1;0;0;0;0;1;2;+1
09/01/2023;NOP;13;lewiski01;Kira Lewis Jr.;2:32;0;0;;0;0;;0;0;;0;1;1;0;0;0;1;0;0;+1
09/01/2023;NOP;14;hernawi01;Willy Hernangómez;Did Not Play
09/01/2023;NOP;0;porzikr01;Kristaps Porziņģis;33:58;8;16;.500;3;5;.600;4;4;1.000;3;7;10;1;0;0;1;0;23;-2
09/01/2023;NOP;1;kispeco01;Corey Kispert;33:53;5;12;.417;5;10;.500;2;2;1.000;0;5;5;1;1;0;3;2;17;-12
09/01/2023;NOP;2;morrimo01;Monte Morris;26:31;6;8;.750;1;2;.500;0;0;;0;1;1;9;0;0;3;0;13;-12
09/01/2023;NOP;3;gaffoda01;Daniel Gafford;23:18;5;6;.833;0;0;;3;4;.750;1;3;4;2;0;0;0;4;13;-5
09/01/2023;NOP;4;kuzmaky01;Kyle Kuzma;23:06;6;13;.462;3;8;.375;4;4;1.000;2;6;8;2;0;0;5;6;19;-15
09/01/2023;NOP;5;Reserves;Reserves
09/01/2023;NOP;6;hachiru01;Rui Hachimura;27:29;4;12;.333;1;3;.333;0;0;;0;3;3;1;0;1;1;2;9;-22
09/01/2023;NOP;7;avdijde01;Deni Avdija;21:43;2;6;.333;0;2;.000;0;2;.000;1;3;4;3;0;0;0;2;4;-9
09/01/2023;NOP;8;goodwjo01;Jordan Goodwin;17:25;1;1;1.000;1;1;1.000;1;2;.500;0;1;1;4;2;0;3;3;4;-9
09/01/2023;NOP;9;wrighde01;Delon Wright;16:54;2;4;.500;0;2;.000;0;0;;0;0;0;3;2;0;2;2;4;-8
09/01/2023;NOP;10;gibsota01;Taj Gibson;11:08;2;2;1.000;0;0;;0;0;;0;1;1;0;0;0;2;4;4;-6
09/01/2023;NOP;11;gillan01;Anthony Gill;4:35;1;2;.500;0;1;.000;0;0;;0;0;0;0;0;0;0;0;2;0
09/01/2023;NOP;12;bartowi01;Will Barton;Did Not Play
