dateId;teamId;order;playerId;Starters;MP;FG;FGA;FG%;3P;3PA;3P%;FT;FTA;FT%;ORB;DRB;TRB;AST;STL;BLK;TOV;PF;PTS;+/-
23/02/2023;SAS;0;branhma01;Malaki Branham;35:22;9;17;.529;2;5;.400;3;3;1.000;1;1;2;5;0;0;4;3;23;-21
23/02/2023;SAS;1;johnske04;Keldon Johnson;31:03;8;13;.615;1;3;.333;5;8;.625;0;8;8;7;1;0;6;2;22;-11
23/02/2023;SAS;2;bateske01;Keita Bates-Diop;29:28;6;10;.600;2;3;.667;1;2;.500;1;5;6;2;0;0;2;1;15;-17
23/02/2023;SAS;3;grahade01;Devonte' Graham;28:26;2;6;.333;2;5;.400;4;6;.667;0;1;1;5;0;1;1;2;10;-30
23/02/2023;SAS;4;colliza01;Zach Collins;27:27;6;15;.400;0;2;.000;1;1;1.000;3;9;12;3;1;0;0;3;13;-11
23/02/2023;SAS;5;Reserves;Reserves
23/02/2023;SAS;6;mcderdo01;Doug McDermott;24:40;3;6;.500;0;2;.000;0;0;;0;0;0;3;0;0;0;4;6;-25
23/02/2023;SAS;7;weslebl01;Blake Wesley;20:57;3;8;.375;2;2;1.000;1;2;.500;1;2;3;2;1;0;3;5;9;+1
23/02/2023;SAS;8;bassech01;Charles Bassey;19:16;7;8;.875;1;1;1.000;1;1;1.000;3;4;7;2;1;0;0;1;16;-14
23/02/2023;SAS;9;barlodo01;Dominick Barlow;16:08;1;1;1.000;0;0;;0;0;;1;4;5;0;0;0;0;3;2;-1
23/02/2023;SAS;10;dienggo01;Gorgui Dieng;7:13;0;2;.000;0;2;.000;0;0;;0;1;1;1;0;0;0;1;0;-1
23/02/2023;SAS;11;sochaje01;Jeremy Sochan;Did Not Play
23/02/2023;SAS;0;doncilu01;Luka Dončić;30:21;8;16;.500;1;6;.167;11;12;.917;0;7;7;10;2;2;1;0;28;+8
23/02/2023;SAS;1;irvinky01;Kyrie Irving;29:58;8;13;.615;3;4;.750;4;4;1.000;0;1;1;6;1;0;1;3;23;+34
23/02/2023;SAS;2;poweldw01;Dwight Powell;26:53;5;7;.714;0;0;;0;2;.000;3;5;8;1;3;0;0;3;10;+19
23/02/2023;SAS;3;bullore01;Reggie Bullock;25:55;4;6;.667;4;6;.667;0;0;;0;4;4;1;0;0;0;2;12;+5
23/02/2023;SAS;4;greenjo02;Josh Green;25:31;4;8;.500;2;4;.500;1;2;.500;0;1;1;2;0;1;2;2;11;-1
23/02/2023;SAS;5;Reserves;Reserves
23/02/2023;SAS;6;hardati02;Tim Hardaway Jr.;26:28;7;12;.583;6;11;.545;2;3;.667;0;1;1;0;0;0;0;1;22;+18
23/02/2023;SAS;7;woodch01;Christian Wood;22:15;4;10;.400;0;2;.000;8;9;.889;0;7;7;1;0;2;2;5;16;+5
23/02/2023;SAS;8;holidju01;Justin Holiday;21:20;5;7;.714;5;6;.833;0;0;;0;2;2;0;2;0;0;2;15;+20
23/02/2023;SAS;9;ntilila01;Frank Ntilikina;20:57;0;1;.000;0;1;.000;2;4;.500;0;3;3;4;1;0;0;0;2;+23
23/02/2023;SAS;10;pinsoth01;Theo Pinson;5:56;0;0;;0;0;;0;0;;0;2;2;1;1;0;0;0;0;0
23/02/2023;SAS;11;hardyja02;Jaden Hardy;4:26;1;2;.500;1;2;.500;0;0;;0;0;0;1;0;0;0;0;3;-1
