dateId;teamId;order;playerId;Starters;MP;FG;FGA;FG%;3P;3PA;3P%;FT;FTA;FT%;ORB;DRB;TRB;AST;STL;BLK;TOV;PF;PTS;+/-
06/01/2023;WAS;0;kuzmaky01;Kyle Kuzma;37:20;7;14;.500;2;5;.400;7;8;.875;1;4;5;7;1;0;6;3;23;-15
06/01/2023;WAS;1;kispeco01;Corey Kispert;26:37;2;8;.250;1;3;.333;2;2;1.000;2;5;7;0;1;0;0;1;7;0
06/01/2023;WAS;2;morrimo01;Monte Morris;25:56;4;8;.500;1;3;.333;1;2;.500;0;2;2;3;0;0;2;1;10;-14
06/01/2023;WAS;3;gaffoda01;Daniel Gafford;25:26;7;8;.875;0;0;;1;5;.200;4;5;9;2;0;1;1;4;15;-11
06/01/2023;WAS;4;porzikr01;Kristaps Porziņģis;24:49;3;11;.273;0;2;.000;8;10;.800;3;7;10;0;0;0;3;0;14;-17
06/01/2023;WAS;5;Reserves;Reserves
06/01/2023;WAS;6;goodwjo01;Jordan Goodwin;21:48;4;6;.667;1;2;.500;0;0;;1;1;2;1;1;1;2;2;9;0
06/01/2023;WAS;7;wrighde01;Delon Wright;19:20;3;5;.600;0;2;.000;3;3;1.000;0;2;2;4;2;0;1;1;9;-4
06/01/2023;WAS;8;hachiru01;Rui Hachimura;18:42;2;9;.222;0;1;.000;1;1;1.000;0;0;0;1;1;0;3;3;5;-15
06/01/2023;WAS;9;bartowi01;Will Barton;17:23;5;8;.625;2;5;.400;2;3;.667;0;4;4;3;0;0;0;2;14;0
06/01/2023;WAS;10;avdijde01;Deni Avdija;17:11;1;2;.500;0;1;.000;2;2;1.000;0;3;3;0;0;0;2;1;4;-11
06/01/2023;WAS;11;careyve01;Vernon Carey Jr.;2:44;0;0;;0;0;;0;0;;0;1;1;0;0;0;0;0;0;+1
06/01/2023;WAS;12;gillan01;Anthony Gill;2:44;0;0;;0;0;;0;0;;0;1;1;0;0;0;0;0;0;+1
06/01/2023;WAS;13;gibsota01;Taj Gibson;Did Not Play
06/01/2023;WAS;0;giddejo01;Josh Giddey;37:06;9;16;.563;2;2;1.000;0;0;;2;4;6;9;1;0;2;2;20;+12
06/01/2023;WAS;1;willija06;Jalen Williams;33:31;7;13;.538;2;4;.500;2;2;1.000;2;6;8;3;2;0;3;4;18;+12
06/01/2023;WAS;2;gilgesh01;Shai Gilgeous-Alexander;33:09;12;23;.522;1;4;.250;5;6;.833;0;3;3;4;1;2;0;4;30;+25
06/01/2023;WAS;3;muscami01;Mike Muscala;24:19;4;10;.400;2;5;.400;0;0;;1;4;5;3;1;2;0;2;10;+11
06/01/2023;WAS;4;dortlu01;Luguentz Dort;22:32;6;8;.750;3;4;.750;3;4;.750;2;4;6;4;1;0;0;5;18;+16
06/01/2023;WAS;5;Reserves;Reserves
06/01/2023;WAS;6;willike04;Kenrich Williams;24:17;3;4;.750;2;2;1.000;0;0;;0;4;4;1;0;1;0;3;8;-3
06/01/2023;WAS;7;joeis01;Isaiah Joe;24:14;3;9;.333;2;6;.333;0;0;;2;1;3;2;2;0;0;6;8;+8
06/01/2023;WAS;8;manntr01;Tre Mann;23:41;3;11;.273;2;8;.250;0;0;;1;3;4;4;0;1;1;0;8;-6
06/01/2023;WAS;9;omorueu01;Eugene Omoruyi;14:34;2;3;.667;0;1;.000;0;2;.000;1;0;1;0;1;0;2;0;4;+9
06/01/2023;WAS;10;waterli01;Lindy Waters III;1:37;1;1;1.000;1;1;1.000;0;0;;0;0;0;0;0;0;0;0;3;+1
06/01/2023;WAS;11;wiggiaa01;Aaron Wiggins;1:00;0;0;;0;0;;0;0;;0;1;1;0;0;0;1;0;0;0
06/01/2023;WAS;12;bazleda01;Darius Bazley;Did Not Play
