dateId;teamId;order;playerId;Starters;MP;FG;FGA;FG%;3P;3PA;3P%;FT;FTA;FT%;ORB;DRB;TRB;AST;STL;BLK;TOV;PF;PTS;+/-
05/01/2023;LAC;0;leonaka01;Kawhi Leonard;18:17;2;7;.286;0;2;.000;2;2;1.000;0;3;3;2;1;0;1;0;6;-24
05/01/2023;LAC;1;jacksre01;Reggie Jackson;17:58;1;6;.167;0;5;.000;0;0;;2;0;2;2;0;0;0;1;2;-25
05/01/2023;LAC;2;zubaciv01;Ivica Zubac;15:32;2;2;1.000;0;0;;4;4;1.000;0;5;5;0;0;1;1;0;8;-24
05/01/2023;LAC;3;morrima03;Marcus Morris;14:53;3;7;.429;1;4;.250;0;0;;0;1;1;1;0;0;0;1;7;-17
05/01/2023;LAC;4;georgpa01;Paul George;13:43;1;9;.111;1;5;.200;0;0;;0;3;3;1;0;0;0;0;3;-16
05/01/2023;LAC;5;Reserves;Reserves
05/01/2023;LAC;6;mannte01;Terance Mann;23:58;5;9;.556;0;2;.000;2;2;1.000;0;2;2;2;0;0;0;2;12;-14
05/01/2023;LAC;7;kennalu01;Luke Kennard;23:44;2;9;.222;0;5;.000;0;0;;0;1;1;2;1;0;2;1;4;-21
05/01/2023;LAC;8;covinro01;Robert Covington;23:04;3;9;.333;0;4;.000;2;2;1.000;1;4;5;2;2;1;1;1;8;+1
05/01/2023;LAC;9;coffeam01;Amir Coffey;19:36;2;7;.286;0;2;.000;2;2;1.000;1;1;2;3;0;0;0;1;6;-4
05/01/2023;LAC;10;powelno01;Norman Powell;19:35;6;11;.545;1;4;.250;0;0;;0;1;1;2;1;0;1;4;13;-24
05/01/2023;LAC;11;brownmo01;Moses Brown;18:58;5;6;.833;0;0;;2;7;.286;3;7;10;0;0;1;1;2;12;+5
05/01/2023;LAC;12;prestja01;Jason Preston;15:21;2;4;.500;2;2;1.000;0;0;;0;4;4;3;1;0;0;1;6;+4
05/01/2023;LAC;13;bostobr01;Brandon Boston Jr.;15:21;0;5;.000;0;2;.000;4;6;.667;1;1;2;4;1;0;0;0;4;+4
05/01/2023;LAC;0;caldwke01;Kentavious Caldwell-Pope;28:59;3;8;.375;3;5;.600;0;0;;0;4;4;5;1;0;1;1;9;+31
05/01/2023;LAC;1;jokicni01;Nikola Jokić;24:11;4;8;.500;0;1;.000;4;5;.800;0;6;6;9;1;0;2;0;12;+18
05/01/2023;LAC;2;portemi01;Michael Porter Jr.;22:11;4;10;.400;1;5;.200;1;2;.500;0;5;5;0;0;0;1;1;10;+15
05/01/2023;LAC;3;murraja01;Jamal Murray;21:21;7;10;.700;4;5;.800;0;0;;0;4;4;1;0;0;0;2;18;+21
05/01/2023;LAC;4;gordoaa01;Aaron Gordon;21:09;5;7;.714;0;0;;3;4;.750;4;3;7;3;0;0;1;0;13;+22
05/01/2023;LAC;5;Reserves;Reserves
05/01/2023;LAC;6;cancavl01;Vlatko Čančar;26:51;6;12;.500;1;3;.333;2;2;1.000;4;8;12;1;1;1;2;4;15;+9
05/01/2023;LAC;7;nnajize01;Zeke Nnaji;23:49;5;6;.833;0;1;.000;3;3;1.000;2;4;6;2;1;1;0;5;13;+13
05/01/2023;LAC;8;brownbr01;Bruce Brown;22:06;3;6;.500;1;4;.250;2;2;1.000;0;6;6;3;2;2;2;1;9;+21
05/01/2023;LAC;9;hylanbo01;Bones Hyland;19:30;5;11;.455;3;7;.429;3;3;1.000;0;3;3;1;0;0;0;0;16;+27
05/01/2023;LAC;10;braunch01;Christian Braun;12:27;2;8;.250;0;2;.000;0;0;;0;2;2;0;0;0;0;1;4;-12
05/01/2023;LAC;11;reedda01;Davon Reed;8:43;1;3;.333;1;3;.333;0;0;;0;1;1;1;0;1;0;1;3;-5
05/01/2023;LAC;12;smithis01;Ish Smith;8:43;0;0;;0;0;;0;0;;0;1;1;2;0;0;2;0;0;-5
05/01/2023;LAC;13;jordade01;DeAndre Jordan;Did Not Play
