dateId;teamId;order;playerId;Starters;MP;FG;FGA;FG%;3P;3PA;3P%;FT;FTA;FT%;ORB;DRB;TRB;AST;STL;BLK;TOV;PF;PTS;+/-
30/11/2022;CHI;0;lavinza01;Zach LaVine;34:15;7;15;.467;1;6;.167;6;7;.857;1;3;4;7;0;0;1;0;21;-17
30/11/2022;CHI;1;derozde01;DeMar DeRozan;31:47;11;17;.647;0;1;.000;7;8;.875;0;7;7;4;0;1;2;3;29;-8
30/11/2022;CHI;2;vucevni01;Nikola Vučević;29:22;5;9;.556;1;3;.333;6;7;.857;1;7;8;1;2;1;2;5;17;-10
30/11/2022;CHI;3;willipa01;Patrick Williams;28:05;0;8;.000;0;3;.000;2;2;1.000;1;2;3;1;0;1;0;0;2;-14
30/11/2022;CHI;4;dosunay01;Ayo Dosunmu;26:47;5;8;.625;0;1;.000;1;1;1.000;1;1;2;1;0;0;2;0;11;-7
30/11/2022;CHI;5;Reserves;Reserves
30/11/2022;CHI;6;carusal01;Alex Caruso;21:13;4;7;.571;2;4;.500;4;5;.800;0;1;1;2;0;0;0;5;14;-12
30/11/2022;CHI;7;whiteco01;Coby White;18:30;2;5;.400;0;2;.000;0;0;;0;1;1;2;0;0;1;2;4;-5
30/11/2022;CHI;8;drumman01;Andre Drummond;15:22;2;2;1.000;0;0;;0;0;;1;6;7;2;1;2;1;3;4;-9
30/11/2022;CHI;9;dragigo01;Goran Dragić;13:37;2;5;.400;0;3;.000;1;3;.333;0;0;0;1;0;0;2;0;5;-4
30/11/2022;CHI;10;jonesde02;Derrick Jones Jr.;7:30;1;2;.500;0;1;.000;0;0;;0;1;1;0;1;1;0;1;2;0
30/11/2022;CHI;11;greenja02;Javonte Green;6:44;1;1;1.000;0;0;;0;0;;0;0;0;0;0;0;0;0;2;-7
30/11/2022;CHI;12;terryda01;Dalen Terry;3:32;0;1;.000;0;1;.000;0;0;;0;0;0;0;0;0;0;0;0;-2
30/11/2022;CHI;13;bradlto01;Tony Bradley;3:16;1;2;.500;0;0;;0;0;;0;1;1;0;1;0;0;0;2;0
30/11/2022;CHI;0;bridgmi01;Mikal Bridges;38:25;3;13;.231;0;4;.000;2;2;1.000;2;2;4;3;0;2;0;3;8;+13
30/11/2022;CHI;1;payneca01;Cameron Payne;32:11;3;10;.300;2;3;.667;0;0;;1;4;5;6;1;1;3;2;8;+13
30/11/2022;CHI;2;aytonde01;Deandre Ayton;31:29;11;17;.647;0;1;.000;8;9;.889;2;12;14;3;0;2;1;4;30;+17
30/11/2022;CHI;3;bookede01;Devin Booker;30:40;20;25;.800;6;7;.857;5;6;.833;0;4;4;6;1;0;2;3;51;+23
30/11/2022;CHI;4;craigto01;Torrey Craig;29:31;3;7;.429;1;4;.250;0;0;;2;2;4;0;0;0;0;3;7;+12
30/11/2022;CHI;5;Reserves;Reserves
30/11/2022;CHI;6;leeda03;Damion Lee;25:15;4;6;.667;2;3;.667;2;2;1.000;0;5;5;1;0;0;1;5;12;+5
30/11/2022;CHI;7;shamela01;Landry Shamet;18:33;4;7;.571;4;7;.571;0;0;;1;2;3;1;1;0;1;1;12;+6
30/11/2022;CHI;8;wainris01;Ish Wainright;9:28;0;1;.000;0;1;.000;0;0;;1;0;1;1;0;0;0;2;0;+8
30/11/2022;CHI;9;landajo01;Jock Landale;8:55;1;3;.333;0;1;.000;2;2;1.000;1;2;3;1;0;0;3;2;4;-5
30/11/2022;CHI;10;biyombi01;Bismack Biyombo;7:36;0;2;.000;0;0;;0;0;;0;2;2;0;0;0;1;1;0;+7
30/11/2022;CHI;11;washidu02;Duane Washington Jr.;4:41;0;2;.000;0;2;.000;0;0;;0;0;0;0;0;0;1;2;0;-4
30/11/2022;CHI;12;okogijo01;Josh Okogie;3:16;0;0;;0;0;;0;0;;0;1;1;0;0;0;0;0;0;0
30/11/2022;CHI;13;saricda01;Dario Šarić;Did Not Play
