dateId;teamId;order;playerId;Starters;MP;FG;FGA;FG%;3P;3PA;3P%;FT;FTA;FT%;ORB;DRB;TRB;AST;STL;BLK;TOV;PF;PTS;+/-
13/02/2023;HOU;0;smithja05;Jabari Smith Jr.;36:17;3;14;.214;1;4;.250;3;3;1.000;6;6;12;2;0;0;5;1;10;-20
13/02/2023;HOU;1;sengual01;Alperen Şengün;32:58;5;9;.556;0;1;.000;2;2;1.000;2;6;8;1;2;0;2;3;12;-5
13/02/2023;HOU;2;greenja05;Jalen Green;31:56;6;20;.300;2;8;.250;15;17;.882;0;3;3;4;2;0;2;1;29;-20
13/02/2023;HOU;3;martike04;Kenyon Martin Jr.;31:27;6;10;.600;0;1;.000;3;4;.750;3;4;7;2;1;0;2;1;15;-16
13/02/2023;HOU;4;tateja01;Jae'Sean Tate;24:15;2;3;.667;0;1;.000;2;2;1.000;0;2;2;1;1;1;2;1;6;-12
13/02/2023;HOU;5;Reserves;Reserves
13/02/2023;HOU;6;easonta01;Tari Eason;21:14;4;9;.444;0;2;.000;0;0;;1;1;2;1;1;0;1;4;8;-10
13/02/2023;HOU;7;washity02;TyTy Washington Jr.;20:14;2;5;.400;0;0;;0;0;;0;2;2;3;1;0;0;2;4;-11
13/02/2023;HOU;8;chrisjo01;Josh Christopher;16:04;1;6;.167;0;2;.000;0;0;;0;1;1;2;0;0;2;0;2;+1
13/02/2023;HOU;9;garubus01;Usman Garuba;8:57;2;3;.667;1;1;1.000;0;0;;2;0;2;0;2;0;0;1;5;-13
13/02/2023;HOU;10;kaminfr01;Frank Kaminsky;6:05;0;2;.000;0;1;.000;0;0;;0;1;1;1;0;1;0;0;0;-1
13/02/2023;HOU;11;marjabo01;Boban Marjanović;3:31;2;2;1.000;0;0;;3;3;1.000;1;0;1;0;0;0;0;1;7;+4
13/02/2023;HOU;12;daysda01;Darius Days;3:31;2;3;.667;2;3;.667;0;0;;0;1;1;0;0;0;0;0;6;+4
13/02/2023;HOU;13;hudgitr01;Trevor Hudgins;3:31;0;0;;0;0;;0;0;;0;0;0;0;0;0;1;0;0;+4
13/02/2023;HOU;14;nixda01;Daishen Nix;Did Not Play
13/02/2023;HOU;0;hardeja01;James Harden;31:38;9;18;.500;4;9;.444;6;7;.857;0;2;2;10;2;2;3;1;28;+12
13/02/2023;HOU;1;embiijo01;Joel Embiid;30:41;8;14;.571;1;2;.500;6;6;1.000;0;6;6;4;1;0;3;3;23;+12
13/02/2023;HOU;2;harrito02;Tobias Harris;27:23;5;8;.625;1;4;.250;0;0;;1;5;6;0;2;1;0;2;11;+20
13/02/2023;HOU;3;meltode01;De'Anthony Melton;21:08;1;3;.333;1;2;.500;0;0;;2;2;4;2;2;1;2;3;3;+9
13/02/2023;HOU;4;tuckepj01;P.J. Tucker;6:34;0;0;;0;0;;0;0;;0;0;0;0;0;0;1;1;0;0
13/02/2023;HOU;5;Reserves;Reserves
13/02/2023;HOU;6;maxeyty01;Tyrese Maxey;34:45;10;16;.625;4;8;.500;2;2;1.000;1;4;5;6;2;0;1;2;26;+28
13/02/2023;HOU;7;mcdanja01;Jalen McDaniels;27:55;3;4;.750;1;1;1.000;1;1;1.000;1;4;5;3;0;0;0;3;8;+9
13/02/2023;HOU;8;miltosh01;Shake Milton;18:37;3;4;.750;1;1;1.000;1;1;1.000;0;3;3;1;0;0;3;1;8;+6
13/02/2023;HOU;9;niangge01;Georges Niang;17:50;2;6;.333;2;6;.333;0;0;;1;2;3;0;0;0;1;3;6;+3
13/02/2023;HOU;10;reedpa01;Paul Reed;17:19;3;5;.600;0;0;;0;0;;1;2;3;0;2;3;2;4;6;+7
13/02/2023;HOU;11;houseda01;Danuel House Jr.;3:31;0;2;.000;0;1;.000;0;0;;0;1;1;0;0;0;0;1;0;-4
13/02/2023;HOU;12;harremo01;Montrezl Harrell;2:39;2;2;1.000;0;0;;0;0;;0;0;0;0;0;0;0;0;4;-7
