dateId;teamId;order;playerId;Starters;MP;FG;FGA;FG%;3P;3PA;3P%;FT;FTA;FT%;ORB;DRB;TRB;AST;STL;BLK;TOV;PF;PTS;+/-
28/03/2023;BOS;0;tatumja01;Jayson Tatum;31:52;11;19;.579;2;7;.286;4;4;1.000;0;9;9;5;0;1;3;4;28;-10
28/03/2023;BOS;1;smartma01;Marcus Smart;30:14;5;8;.625;4;7;.571;0;0;;0;0;0;5;2;0;1;2;14;-10
28/03/2023;BOS;2;brownja02;Jaylen Brown;26:42;9;19;.474;0;4;.000;0;0;;1;2;3;4;1;0;4;1;18;-24
28/03/2023;BOS;3;horfoal01;Al Horford;25:40;2;10;.200;1;7;.143;0;0;;0;4;4;3;0;2;0;2;5;-14
28/03/2023;BOS;4;whitede01;Derrick White;23:59;2;5;.400;1;3;.333;2;2;1.000;0;3;3;1;0;2;1;0;7;-20
28/03/2023;BOS;5;Reserves;Reserves
28/03/2023;BOS;6;willigr01;Grant Williams;25:55;2;6;.333;0;4;.000;4;5;.800;2;4;6;2;0;1;1;1;8;-1
28/03/2023;BOS;7;brogdma01;Malcolm Brogdon;23:05;6;11;.545;1;4;.250;0;0;;0;3;3;2;0;0;0;2;13;-14
28/03/2023;BOS;8;williro04;Robert Williams;15:09;0;0;;0;0;;0;0;;2;2;4;1;1;2;1;2;0;-14
28/03/2023;BOS;9;kornelu01;Luke Kornet;9:21;4;5;.800;0;1;.000;0;0;;2;1;3;2;0;0;0;0;8;+3
28/03/2023;BOS;10;hausesa01;Sam Hauser;9:21;2;4;.500;1;3;.333;0;0;;0;1;1;2;1;0;0;0;5;+3
28/03/2023;BOS;11;pritcpa01;Payton Pritchard;9:21;2;5;.400;1;3;.333;0;0;;0;2;2;1;0;0;1;0;5;+3
28/03/2023;BOS;12;muscami01;Mike Muscala;9:21;0;1;.000;0;1;.000;0;0;;0;0;0;1;0;0;0;0;0;+3
28/03/2023;BOS;13;griffbl01;Blake Griffin;Did Not Play
28/03/2023;BOS;0;avdijde01;Deni Avdija;36:31;10;16;.625;2;5;.400;3;5;.600;0;10;10;5;1;0;4;1;25;+12
28/03/2023;BOS;1;porzikr01;Kristaps Porziņģis;33:58;14;21;.667;3;5;.600;1;1;1.000;2;11;13;6;1;1;0;1;32;+26
28/03/2023;BOS;2;kispeco01;Corey Kispert;33:11;5;11;.455;3;6;.500;2;2;1.000;1;1;2;2;0;0;0;2;15;+14
28/03/2023;BOS;3;wrighde01;Delon Wright;30:35;3;5;.600;1;2;.500;1;3;.333;0;5;5;2;2;0;1;2;8;+21
28/03/2023;BOS;4;morrimo01;Monte Morris;28:30;9;15;.600;1;6;.167;0;0;;0;3;3;9;1;2;0;0;19;+25
28/03/2023;BOS;5;Reserves;Reserves
28/03/2023;BOS;6;davisjo06;Johnny Davis;23:14;3;9;.333;1;5;.200;0;0;;2;6;8;1;0;0;0;2;7;+7
28/03/2023;BOS;7;nunnke01;Kendrick Nunn;17:15;5;13;.385;2;7;.286;0;0;;0;1;1;2;0;0;0;1;12;-4
28/03/2023;BOS;8;gibsota01;Taj Gibson;11:52;1;2;.500;0;0;;2;2;1.000;1;0;1;1;1;0;2;4;4;-9
28/03/2023;BOS;9;gillan01;Anthony Gill;11:34;2;3;.667;0;0;;0;0;;0;0;0;2;0;0;1;0;4;+7
28/03/2023;BOS;10;goodwjo01;Jordan Goodwin;11:15;1;3;.333;0;1;.000;0;0;;0;0;0;3;1;0;0;0;2;-6
28/03/2023;BOS;11;cooksxa01;Xavier Cooks;2:05;1;1;1.000;0;0;;0;0;;0;0;0;0;0;0;1;0;2;+2
