dateId;teamId;order;playerId;Starters;MP;FG;FGA;FG%;3P;3PA;3P%;FT;FTA;FT%;ORB;DRB;TRB;AST;STL;BLK;TOV;PF;PTS;+/-
21/11/2022;POR;0;hartjo01;Josh Hart;39:57;7;9;.778;2;2;1.000;1;1;1.000;3;6;9;2;2;0;4;2;17;-12
21/11/2022;POR;1;simonan01;Anfernee Simons;37:02;12;23;.522;3;11;.273;2;2;1.000;0;4;4;5;1;0;1;2;29;-10
21/11/2022;POR;2;grantje01;Jerami Grant;35:06;6;16;.375;0;2;.000;6;8;.750;1;3;4;2;0;2;2;2;18;-20
21/11/2022;POR;3;nurkiju01;Jusuf Nurkić;31:37;7;15;.467;1;4;.250;1;2;.500;4;6;10;3;0;0;0;3;16;-5
21/11/2022;POR;4;sharpsh01;Shaedon Sharpe;26:52;1;9;.111;0;4;.000;0;0;;1;3;4;2;0;0;3;1;2;-6
21/11/2022;POR;5;Reserves;Reserves
21/11/2022;POR;6;littlna01;Nassir Little;20:56;3;8;.375;0;3;.000;0;0;;0;2;2;2;1;0;2;1;6;+9
21/11/2022;POR;7;winslju01;Justise Winslow;17:50;4;8;.500;0;1;.000;0;0;;0;0;0;1;0;0;2;3;8;-11
21/11/2022;POR;8;eubandr01;Drew Eubanks;15:00;1;1;1.000;0;0;;3;4;.750;1;2;3;0;0;1;0;2;5;-9
21/11/2022;POR;9;watfotr01;Trendon Watford;12:54;3;4;.750;2;2;1.000;2;2;1.000;2;2;4;1;1;0;1;1;10;+12
21/11/2022;POR;10;butlejo01;John Butler;1:23;0;0;;0;0;;0;0;;0;0;0;0;0;0;0;0;0;+6
21/11/2022;POR;11;walkeja01;Jabari Walker;1:23;0;0;;0;0;;0;0;;0;0;0;1;0;0;0;0;0;+6
21/11/2022;POR;12;lillada01;Damian Lillard;Did Not Dress
21/11/2022;POR;0;antetgi01;Giannis Antetokounmpo;35:05;16;24;.667;0;1;.000;5;12;.417;2;5;7;6;2;0;1;3;37;+19
21/11/2022;POR;1;allengr01;Grayson Allen;31:48;5;8;.625;2;5;.400;5;5;1.000;2;6;8;2;0;0;0;2;17;+9
21/11/2022;POR;2;lopezbr01;Brook Lopez;30:22;6;12;.500;2;5;.400;0;0;;2;2;4;2;1;5;1;1;14;-2
21/11/2022;POR;3;holidjr01;Jrue Holiday;27:56;7;14;.500;1;6;.167;2;2;1.000;1;3;4;6;3;0;5;1;17;+7
21/11/2022;POR;4;carteje01;Jevon Carter;25:50;2;3;.667;1;1;1.000;0;0;;1;2;3;3;1;1;2;2;5;+14
21/11/2022;POR;5;Reserves;Reserves
21/11/2022;POR;6;portibo01;Bobby Portis;24:04;6;11;.545;1;3;.333;0;0;;0;5;5;4;0;1;1;4;13;+5
21/11/2022;POR;7;hillge01;George Hill;19:45;0;1;.000;0;1;.000;0;0;;0;5;5;5;2;1;0;0;0;+5
21/11/2022;POR;8;nworajo01;Jordan Nwora;18:12;2;4;.500;1;2;.500;1;2;.500;1;2;3;2;0;0;3;0;6;0
21/11/2022;POR;9;connapa01;Pat Connaughton;15:31;2;5;.400;1;4;.250;2;2;1.000;0;2;2;1;2;0;0;1;7;+3
21/11/2022;POR;10;beaucma01;MarJon Beauchamp;5:12;0;1;.000;0;0;;0;0;;0;0;0;0;1;0;1;1;0;-9
21/11/2022;POR;11;ibakase01;Serge Ibaka;4:11;0;2;.000;0;0;;1;2;.500;0;0;0;0;0;0;0;2;1;0
21/11/2022;POR;12;mamuksa01;Sandro Mamukelashvili;1:23;1;1;1.000;0;0;;0;0;;1;0;1;0;0;0;0;0;2;-6
21/11/2022;POR;13;greenaj01;A.J. Green;0:39;0;0;;0;0;;0;0;;0;0;0;0;0;0;0;0;0;-5
21/11/2022;POR;14;antetth01;Thanasis Antetokounmpo;Did Not Play
