dateId;teamId;order;playerId;Starters;MP;FG;FGA;FG%;3P;3PA;3P%;FT;FTA;FT%;ORB;DRB;TRB;AST;STL;BLK;TOV;PF;PTS;+/-
09/01/2023;ORL;0;banchpa01;Paolo Banchero;32:15;5;11;.455;2;7;.286;5;8;.625;0;8;8;4;3;0;1;0;17;-12
09/01/2023;ORL;1;wagnefr01;Franz Wagner;29:07;7;12;.583;2;5;.400;0;0;;0;2;2;1;0;0;1;3;16;-9
09/01/2023;ORL;2;fultzma01;Markelle Fultz;28:06;8;10;.800;0;0;;0;0;;1;1;2;5;0;1;2;1;16;-16
09/01/2023;ORL;3;cartewe01;Wendell Carter Jr.;26:53;6;12;.500;2;4;.500;1;2;.500;2;5;7;3;0;3;2;3;15;-7
09/01/2023;ORL;4;harriga01;Gary Harris;23:51;3;6;.500;2;4;.500;0;0;;1;1;2;1;2;0;2;2;8;-14
09/01/2023;ORL;5;Reserves;Reserves
09/01/2023;ORL;6;anthoco01;Cole Anthony;28:37;3;13;.231;0;5;.000;2;2;1.000;1;6;7;3;1;1;1;3;8;-34
09/01/2023;ORL;7;suggsja01;Jalen Suggs;24:09;4;10;.400;2;7;.286;4;4;1.000;2;2;4;4;0;0;2;0;14;-11
09/01/2023;ORL;8;wagnemo01;Moritz Wagner;17:36;4;7;.571;3;6;.500;1;2;.500;1;5;6;2;1;0;2;5;12;-11
09/01/2023;ORL;9;rosste01;Terrence Ross;13:22;1;3;.333;1;2;.500;0;0;;0;1;1;0;0;0;0;0;3;-13
09/01/2023;ORL;10;bambamo01;Mo Bamba;9:32;0;4;.000;0;3;.000;2;2;1.000;0;0;0;0;0;2;0;1;2;-2
09/01/2023;ORL;11;houstca01;Caleb Houstan;6:32;0;2;.000;0;1;.000;0;0;;1;1;2;1;0;0;0;0;0;+4
09/01/2023;ORL;0;sabondo01;Domantas Sabonis;31:47;5;12;.417;1;1;1.000;1;2;.500;2;8;10;8;0;0;3;0;12;+14
09/01/2023;ORL;1;barneha02;Harrison Barnes;30:28;11;13;.846;6;7;.857;2;3;.667;0;1;1;1;0;0;1;1;30;+17
09/01/2023;ORL;2;foxde01;De'Aaron Fox;28:34;5;14;.357;1;7;.143;0;0;;1;1;2;9;0;0;2;1;11;+19
09/01/2023;ORL;3;murrake02;Keegan Murray;26:15;5;7;.714;5;6;.833;0;0;;1;2;3;3;1;0;0;2;15;+12
09/01/2023;ORL;4;huertke01;Kevin Huerter;21:50;5;12;.417;4;8;.500;0;0;;0;3;3;4;1;0;2;4;14;+17
09/01/2023;ORL;5;Reserves;Reserves
09/01/2023;ORL;6;monkma01;Malik Monk;26:19;6;11;.545;0;4;.000;2;2;1.000;1;6;7;6;0;1;1;2;14;+16
09/01/2023;ORL;7;lylestr01;Trey Lyles;16:12;4;8;.500;3;5;.600;3;4;.750;0;5;5;2;0;0;0;1;14;+9
09/01/2023;ORL;8;mitchda01;Davion Mitchell;15:49;2;3;.667;1;2;.500;0;0;;1;3;4;1;1;0;0;1;5;+8
09/01/2023;ORL;9;metuch01;Chimezie Metu;14:07;5;7;.714;0;0;;1;1;1.000;3;6;9;2;0;0;1;3;11;+12
09/01/2023;ORL;10;okpalkz01;KZ Okpala;10:42;2;4;.500;1;3;.333;0;0;;1;0;1;1;0;0;0;1;5;+15
09/01/2023;ORL;11;daviste02;Terence Davis;6:10;1;4;.250;0;1;.000;0;0;;1;1;2;1;1;0;1;0;2;-5
09/01/2023;ORL;12;dellama01;Matthew Dellavedova;4:53;1;1;1.000;1;1;1.000;0;0;;0;0;0;1;0;0;0;0;3;-4
09/01/2023;ORL;13;doziepj01;PJ Dozier;4:46;0;1;.000;0;1;.000;0;0;;0;1;1;0;0;0;0;0;0;-4
09/01/2023;ORL;14;holmeri01;Richaun Holmes;2:06;0;0;;0;0;;0;0;;0;0;0;0;0;0;0;0;0;-1
09/01/2023;ORL;15;lenal01;Alex Len;Did Not Play
