dateId;teamId;order;playerId;Starters;MP;FG;FGA;FG%;3P;3PA;3P%;FT;FTA;FT%;ORB;DRB;TRB;AST;STL;BLK;TOV;PF;PTS;+/-
15/04/2023;BRK;0;dinwisp01;Spencer Dinwiddie;36:23;5;12;.417;1;5;.200;3;5;.600;0;3;3;7;2;0;4;1;14;-13
15/04/2023;BRK;1;bridgmi01;Mikal Bridges;34:26;12;18;.667;2;4;.500;4;4;1.000;0;5;5;1;0;1;3;0;30;-14
15/04/2023;BRK;2;claxtni01;Nic Claxton;30:11;2;4;.500;0;0;;1;2;.500;1;9;10;1;0;3;0;2;5;-20
15/04/2023;BRK;3;johnsca02;Cameron Johnson;27:22;7;11;.636;4;6;.667;0;0;;1;3;4;2;0;0;2;3;18;-7
15/04/2023;BRK;4;finnedo01;Dorian Finney-Smith;17:38;2;3;.667;2;2;1.000;0;0;;1;0;1;0;0;0;1;1;6;-2
15/04/2023;BRK;5;Reserves;Reserves
15/04/2023;BRK;6;onealro01;Royce O'Neale;27:56;2;5;.400;0;3;.000;0;0;;0;3;3;6;1;0;2;3;4;-13
15/04/2023;BRK;7;sharpda01;Day'Ron Sharpe;17:24;2;3;.667;0;0;;2;2;1.000;2;4;6;4;0;1;2;3;6;-5
15/04/2023;BRK;8;curryse01;Seth Curry;16:19;4;5;.800;2;3;.667;0;0;;0;0;0;1;0;0;1;0;10;-7
15/04/2023;BRK;9;harrijo01;Joe Harris;14:01;1;3;.333;1;3;.333;0;0;;0;2;2;0;0;0;2;1;3;-3
15/04/2023;BRK;10;watanyu01;Yuta Watanabe;4:43;1;2;.500;1;2;.500;0;2;.000;0;1;1;0;0;0;1;0;3;-4
15/04/2023;BRK;11;dukeda01;David Duke Jr.;4:43;1;3;.333;0;1;.000;0;0;;0;0;0;0;0;0;1;1;2;-4
15/04/2023;BRK;12;sumneed01;Edmond Sumner;4:27;0;0;;0;0;;0;0;;0;0;0;1;0;0;0;0;0;-4
15/04/2023;BRK;13;thomaca02;Cam Thomas;4:27;0;1;.000;0;0;;0;0;;0;0;0;0;0;0;0;0;0;-4
15/04/2023;BRK;14;millspa02;Patty Mills;Did Not Play
15/04/2023;BRK;0;hardeja01;James Harden;36:05;8;21;.381;7;13;.538;0;0;;1;3;4;13;1;0;4;3;23;+20
15/04/2023;BRK;1;embiijo01;Joel Embiid;33:02;7;15;.467;1;4;.250;11;11;1.000;2;3;5;3;1;2;2;3;26;+18
15/04/2023;BRK;2;maxeyty01;Tyrese Maxey;32:38;3;8;.375;3;5;.600;4;4;1.000;1;5;6;3;3;0;0;2;13;+14
15/04/2023;BRK;3;harrito02;Tobias Harris;28:42;9;14;.643;3;3;1.000;0;0;;2;2;4;4;0;1;1;1;21;+12
15/04/2023;BRK;4;tuckepj01;P.J. Tucker;25:00;2;6;.333;2;5;.400;0;0;;5;2;7;2;5;0;0;0;6;+11
15/04/2023;BRK;5;Reserves;Reserves
15/04/2023;BRK;6;meltode01;De'Anthony Melton;22:16;2;9;.222;2;7;.286;0;0;;1;2;3;5;1;0;0;1;6;+15
15/04/2023;BRK;7;niangge01;Georges Niang;19:50;3;5;.600;2;4;.500;0;0;;0;0;0;0;0;0;0;3;8;+9
15/04/2023;BRK;8;mcdanja01;Jalen McDaniels;16:54;2;2;1.000;1;1;1.000;0;0;;0;4;4;2;0;0;0;1;5;+11
15/04/2023;BRK;9;reedpa01;Paul Reed;12:53;5;6;.833;0;0;;1;1;1.000;2;2;4;0;2;0;1;3;11;+5
15/04/2023;BRK;10;miltosh01;Shake Milton;3:15;1;1;1.000;0;0;;0;0;;0;0;0;0;1;0;0;0;2;-3
15/04/2023;BRK;11;houseda01;Danuel House Jr.;2:32;0;1;.000;0;1;.000;0;0;;0;1;1;0;0;0;0;0;0;-3
15/04/2023;BRK;12;korkmfu01;Furkan Korkmaz;2:24;0;0;;0;0;;0;0;;0;0;0;0;0;0;0;0;0;-3
15/04/2023;BRK;13;sprinja01;Jaden Springer;2:24;0;0;;0;0;;0;0;;0;0;0;0;0;0;0;0;0;-3
15/04/2023;BRK;14;harremo01;Montrezl Harrell;2:05;0;1;.000;0;0;;0;0;;0;0;0;0;0;0;0;0;0;-3
15/04/2023;BRK;15;dedmode01;Dewayne Dedmon;Did Not Play
