dateId;teamId;order;playerId;Starters;MP;FG;FGA;FG%;3P;3PA;3P%;FT;FTA;FT%;ORB;DRB;TRB;AST;STL;BLK;TOV;PF;PTS;+/-
05/12/2022;PHO;0;payneca01;Cameron Payne;33:36;4;16;.250;2;9;.222;4;4;1.000;1;5;6;10;0;0;1;1;14;-7
05/12/2022;PHO;1;bookede01;Devin Booker;30:20;4;13;.308;1;2;.500;2;2;1.000;0;2;2;5;0;0;1;4;11;-18
05/12/2022;PHO;2;bridgmi01;Mikal Bridges;29:35;4;11;.364;2;6;.333;3;3;1.000;0;2;2;2;0;0;1;1;13;-14
05/12/2022;PHO;3;aytonde01;Deandre Ayton;26:48;9;11;.818;0;0;;2;4;.500;1;7;8;1;0;3;1;2;20;-15
05/12/2022;PHO;4;wainris01;Ish Wainright;13:30;2;5;.400;2;5;.400;0;0;;1;2;3;1;1;0;1;1;6;-9
05/12/2022;PHO;5;Reserves;Reserves
05/12/2022;PHO;6;okogijo01;Josh Okogie;27:30;4;8;.500;2;5;.400;2;4;.500;0;2;2;3;2;1;0;1;12;0
05/12/2022;PHO;7;leeda03;Damion Lee;22:55;5;9;.556;1;3;.333;2;2;1.000;4;1;5;3;2;0;4;2;13;-12
05/12/2022;PHO;8;shamela01;Landry Shamet;18:54;4;9;.444;3;6;.500;2;2;1.000;0;1;1;2;0;0;2;0;13;-12
05/12/2022;PHO;9;saricda01;Dario Šarić;15:40;1;5;.200;0;1;.000;1;2;.500;2;4;6;1;0;0;0;3;3;-4
05/12/2022;PHO;10;biyombi01;Bismack Biyombo;15:00;3;3;1.000;0;0;;0;3;.000;1;1;2;0;0;1;0;1;6;0
05/12/2022;PHO;11;landajo01;Jock Landale;6:12;0;1;.000;0;0;;0;0;;3;1;4;0;0;0;0;0;0;-4
05/12/2022;PHO;0;doncilu01;Luka Dončić;29:25;12;20;.600;4;9;.444;5;7;.714;1;5;6;8;1;2;3;3;33;+20
05/12/2022;PHO;1;dinwisp01;Spencer Dinwiddie;28:05;5;15;.333;5;8;.625;6;6;1.000;1;3;4;2;1;1;1;3;21;-3
05/12/2022;PHO;2;finnedo01;Dorian Finney-Smith;23:26;1;3;.333;1;3;.333;0;0;;0;2;2;0;0;0;0;1;3;+7
05/12/2022;PHO;3;hardati02;Tim Hardaway Jr.;22:31;6;12;.500;5;9;.556;0;0;;0;3;3;2;1;0;1;1;17;+9
05/12/2022;PHO;4;poweldw01;Dwight Powell;16:50;0;1;.000;0;0;;2;2;1.000;3;3;6;0;0;0;0;4;2;+6
05/12/2022;PHO;5;Reserves;Reserves
05/12/2022;PHO;6;greenjo02;Josh Green;31:08;6;7;.857;1;2;.500;3;3;1.000;1;3;4;5;2;0;0;0;16;+26
05/12/2022;PHO;7;woodch01;Christian Wood;27:01;6;12;.500;2;4;.500;4;5;.800;3;6;9;5;0;1;6;4;18;+13
05/12/2022;PHO;8;klebima01;Maxi Kleber;24:51;3;6;.500;2;4;.500;0;0;;1;2;3;0;0;2;1;3;8;+10
05/12/2022;PHO;9;bullore01;Reggie Bullock;24:41;0;2;.000;0;2;.000;0;1;.000;0;4;4;0;1;0;0;2;0;+13
05/12/2022;PHO;10;ntilila01;Frank Ntilikina;4:47;1;1;1.000;0;0;;0;0;;0;0;0;1;1;0;0;0;2;0
05/12/2022;PHO;11;hardyja02;Jaden Hardy;2:25;4;5;.800;0;0;;2;2;1.000;0;0;0;0;0;0;0;2;10;-2
05/12/2022;PHO;12;bertada01;Dāvis Bertāns;2:25;0;0;;0;0;;0;0;;0;0;0;0;0;0;0;0;0;-2
05/12/2022;PHO;13;pinsoth01;Theo Pinson;2:25;0;0;;0;0;;0;0;;0;0;0;0;0;0;0;0;0;-2
05/12/2022;PHO;14;mcgeeja01;JaVale McGee;Did Not Play
05/12/2022;PHO;15;walkeke02;Kemba Walker;Did Not Play
