dateId;teamId;order;playerId;Starters;MP;FG;FGA;FG%;3P;3PA;3P%;FT;FTA;FT%;ORB;DRB;TRB;AST;STL;BLK;TOV;PF;PTS;+/-
18/12/2022;GSW;0;greendr01;Draymond Green;36:34;7;15;.467;3;6;.500;0;0;;3;6;9;5;0;0;2;3;17;+8
18/12/2022;GSW;1;poolejo01;Jordan Poole;34:35;14;23;.609;5;11;.455;10;11;.909;0;1;1;6;1;0;4;4;43;+11
18/12/2022;GSW;2;thompkl01;Klay Thompson;34:32;6;14;.429;3;9;.333;2;2;1.000;0;7;7;4;1;0;1;2;17;+14
18/12/2022;GSW;3;divindo01;Donte DiVincenzo;32:34;2;5;.400;1;3;.333;0;0;;0;1;1;6;2;0;3;4;5;+12
18/12/2022;GSW;4;looneke01;Kevon Looney;28:10;4;7;.571;0;0;;3;3;1.000;6;5;11;2;0;1;0;3;11;+12
18/12/2022;GSW;5;Reserves;Reserves
18/12/2022;GSW;6;jeromty01;Ty Jerome;17:56;2;3;.667;2;3;.667;3;4;.750;0;3;3;4;0;0;2;1;9;+6
18/12/2022;GSW;7;greenja01;JaMychal Green;17:22;5;7;.714;2;3;.667;3;4;.750;2;5;7;1;0;1;2;1;15;+4
18/12/2022;GSW;8;lamban01;Anthony Lamb;14:57;2;2;1.000;2;2;1.000;0;0;;0;0;0;1;0;0;1;0;6;+4
18/12/2022;GSW;9;moodymo01;Moses Moody;10:51;0;0;;0;0;;0;0;;0;0;0;0;1;0;1;2;0;+6
18/12/2022;GSW;10;kuminjo01;Jonathan Kuminga;5:23;1;4;.250;0;1;.000;0;0;;0;0;0;1;1;0;0;1;2;+6
18/12/2022;GSW;11;baldwpa01;Patrick Baldwin Jr.;2:21;0;1;.000;0;1;.000;1;2;.500;0;1;1;1;0;0;1;0;1;-1
18/12/2022;GSW;12;rolliry01;Ryan Rollins;2:21;0;0;;0;0;;0;0;;0;0;0;0;0;0;0;0;0;-1
18/12/2022;GSW;13;wisemja01;James Wiseman;2:21;0;0;;0;0;;0;0;;1;0;1;0;0;0;0;0;0;-1
18/12/2022;GSW;0;siakapa01;Pascal Siakam;36:58;9;20;.450;3;5;.600;6;7;.857;2;3;5;5;0;0;1;2;27;-17
18/12/2022;GSW;1;vanvlfr01;Fred VanVleet;34:40;7;18;.389;4;10;.400;4;4;1.000;0;4;4;8;1;0;2;4;22;-27
18/12/2022;GSW;2;barnesc01;Scottie Barnes;31:35;7;16;.438;1;3;.333;2;2;1.000;2;3;5;4;1;0;3;1;17;-12
18/12/2022;GSW;3;hernaju01;Juancho Hernangómez;23:13;1;4;.250;1;3;.333;0;0;;2;2;4;0;0;1;1;3;3;-14
18/12/2022;GSW;4;kolokch01;Christian Koloko;20:05;1;1;1.000;0;0;;1;2;.500;1;2;3;0;0;1;2;4;3;-2
18/12/2022;GSW;5;Reserves;Reserves
18/12/2022;GSW;6;flynnma01;Malachi Flynn;37:10;6;16;.375;4;8;.500;0;0;;4;2;6;2;1;0;0;1;16;-9
18/12/2022;GSW;7;bouchch01;Chris Boucher;24:43;4;10;.400;0;2;.000;3;4;.750;7;7;14;0;0;0;1;4;11;-5
18/12/2022;GSW;8;youngth01;Thaddeus Young;17:20;3;4;.750;0;1;.000;1;2;.500;0;2;2;0;3;0;2;2;7;+5
18/12/2022;GSW;9;bantoda01;Dalano Banton;12:47;2;6;.333;0;1;.000;0;1;.000;0;0;0;2;0;0;0;1;4;+2
18/12/2022;GSW;10;birchkh01;Khem Birch;1:29;0;0;;0;0;;0;0;;0;0;0;0;0;0;0;0;0;-1
18/12/2022;GSW;11;achiupr01;Precious Achiuwa;Did Not Dress
18/12/2022;GSW;12;trentga02;Gary Trent Jr.;Did Not Dress
