dateId;teamId;order;playerId;Starters;MP;FG;FGA;FG%;3P;3PA;3P%;FT;FTA;FT%;ORB;DRB;TRB;AST;STL;BLK;TOV;PF;PTS;+/-
19/04/2023;MIA;0;strusma01;Max Strus;31:26;1;4;.250;1;4;.250;1;1;1.000;2;3;5;1;2;0;0;1;4;-27
19/04/2023;MIA;1;butleji01;Jimmy Butler;28:18;8;12;.667;2;4;.500;7;10;.700;1;2;3;3;2;0;1;0;25;-31
19/04/2023;MIA;2;robindu01;Duncan Robinson;25:36;5;8;.625;4;6;.667;0;0;;0;5;5;3;0;0;2;2;14;+10
19/04/2023;MIA;3;adebaba01;Bam Adebayo;24:54;9;16;.563;0;0;;0;1;.000;1;4;5;1;1;0;3;1;18;-20
19/04/2023;MIA;4;vincega01;Gabe Vincent;21:00;6;12;.500;4;9;.444;0;1;.000;0;0;0;3;0;0;1;0;16;-23
19/04/2023;MIA;5;Reserves;Reserves
19/04/2023;MIA;6;martica02;Caleb Martin;28:59;5;8;.625;2;4;.500;3;3;1.000;0;1;1;6;1;0;1;1;15;+21
19/04/2023;MIA;7;oladivi01;Victor Oladipo;26:18;6;13;.462;2;4;.500;1;3;.333;1;4;5;1;0;0;2;2;15;-9
19/04/2023;MIA;8;lowryky01;Kyle Lowry;18:23;2;5;.400;1;3;.333;0;0;;0;4;4;3;1;0;4;1;5;-22
19/04/2023;MIA;9;zelleco01;Cody Zeller;12:00;2;2;1.000;0;0;;0;0;;1;7;8;3;0;0;2;1;4;+17
19/04/2023;MIA;10;highsha01;Haywood Highsmith;12:00;1;2;.500;0;1;.000;0;0;;1;1;2;1;2;1;0;0;2;+17
19/04/2023;MIA;11;loveke01;Kevin Love;11:06;0;2;.000;0;1;.000;4;4;1.000;0;3;3;1;1;1;1;0;4;-13
19/04/2023;MIA;12;hasleud01;Udonis Haslem;Did Not Play
19/04/2023;MIA;13;yurtsom01;Omer Yurtseven;Did Not Play
19/04/2023;MIA;0;lopezbr01;Brook Lopez;33:36;12;17;.706;0;1;.000;1;1;1.000;3;1;4;2;2;1;2;2;25;+14
19/04/2023;MIA;1;holidjr01;Jrue Holiday;32:49;10;19;.526;4;10;.400;0;0;;0;5;5;11;1;0;3;3;24;+28
19/04/2023;MIA;2;allengr01;Grayson Allen;31:04;5;11;.455;4;8;.500;2;3;.667;0;2;2;1;0;0;1;0;16;+3
19/04/2023;MIA;3;portibo01;Bobby Portis;27:57;5;9;.556;3;4;.750;0;0;;3;12;15;5;1;2;1;5;13;+8
19/04/2023;MIA;4;middlkh01;Khris Middleton;27:39;6;16;.375;2;5;.400;2;2;1.000;1;5;6;7;0;0;1;0;16;+19
19/04/2023;MIA;5;Reserves;Reserves
19/04/2023;MIA;6;connapa01;Pat Connaughton;25:09;8;12;.667;6;10;.600;0;0;;1;3;4;3;1;1;1;2;22;+5
19/04/2023;MIA;7;inglejo01;Joe Ingles;25:07;6;7;.857;5;6;.833;0;0;;0;4;4;4;2;0;2;1;17;+28
19/04/2023;MIA;8;crowdja01;Jae Crowder;15:26;0;4;.000;0;2;.000;0;0;;1;2;3;1;1;0;0;3;0;-1
19/04/2023;MIA;9;carteje01;Jevon Carter;14:05;1;3;.333;1;3;.333;0;0;;0;2;2;1;1;0;0;0;3;-3
19/04/2023;MIA;10;dragigo01;Goran Dragić;3:20;0;0;;0;0;;2;2;1.000;0;0;0;0;0;0;0;0;2;-9
19/04/2023;MIA;11;antetth01;Thanasis Antetokounmpo;1:16;0;0;;0;0;;0;0;;0;0;0;0;0;0;0;0;0;-4
19/04/2023;MIA;12;beaucma01;MarJon Beauchamp;1:16;0;0;;0;0;;0;0;;0;0;0;0;0;0;0;0;0;-4
19/04/2023;MIA;13;leoname01;Meyers Leonard;1:16;0;1;.000;0;0;;0;0;;0;0;0;0;0;0;0;0;0;-4
