dateId;teamId;order;playerId;Starters;MP;FG;FGA;FG%;3P;3PA;3P%;FT;FTA;FT%;ORB;DRB;TRB;AST;STL;BLK;TOV;PF;PTS;+/-
17/12/2022;POR;0;simonan01;Anfernee Simons;33:02;11;21;.524;5;14;.357;5;5;1.000;0;1;1;2;1;0;0;2;32;+12
17/12/2022;POR;1;lillada01;Damian Lillard;32:37;7;20;.350;5;13;.385;6;8;.750;0;3;3;10;2;0;1;2;25;+29
17/12/2022;POR;2;hartjo01;Josh Hart;30:39;5;6;.833;1;1;1.000;1;1;1.000;6;7;13;1;0;0;1;0;12;+25
17/12/2022;POR;3;winslju01;Justise Winslow;27:37;1;4;.250;0;0;;0;0;;1;2;3;2;4;0;1;2;2;+14
17/12/2022;POR;4;nurkiju01;Jusuf Nurkić;26:54;6;11;.545;1;1;1.000;1;2;.500;1;4;5;2;0;1;2;5;14;+21
17/12/2022;POR;5;Reserves;Reserves
17/12/2022;POR;6;watfotr01;Trendon Watford;26:19;2;5;.400;1;3;.333;1;3;.333;0;2;2;1;0;0;0;3;6;-7
17/12/2022;POR;7;sharpsh01;Shaedon Sharpe;20:31;2;7;.286;0;2;.000;0;0;;2;1;3;1;1;1;1;1;4;-12
17/12/2022;POR;8;johnske07;Keon Johnson;17:13;3;6;.500;0;2;.000;0;0;;0;3;3;1;0;0;2;1;6;-3
17/12/2022;POR;9;eubandr01;Drew Eubanks;17:04;3;4;.750;0;0;;0;0;;0;3;3;0;0;1;3;2;6;+1
17/12/2022;POR;10;browngr01;Greg Brown III;4:02;0;0;;0;0;;0;0;;0;0;0;0;0;0;0;1;0;-10
17/12/2022;POR;11;walkeja01;Jabari Walker;4:02;0;1;.000;0;0;;0;0;;0;0;0;0;0;1;1;1;0;-10
17/12/2022;POR;12;paytoga02;Gary Payton II;Did Not Play
17/12/2022;POR;0;greenja05;Jalen Green;31:21;5;16;.313;0;6;.000;5;9;.556;0;5;5;4;0;1;2;2;15;-22
17/12/2022;POR;1;porteke02;Kevin Porter Jr.;29:17;3;10;.300;0;6;.000;7;9;.778;1;6;7;4;2;0;6;3;13;-21
17/12/2022;POR;2;smithja05;Jabari Smith Jr.;24:49;3;11;.273;0;4;.000;0;0;;1;3;4;0;0;1;2;0;6;-16
17/12/2022;POR;3;sengual01;Alperen Şengün;21:14;4;11;.364;0;1;.000;2;2;1.000;4;4;8;0;0;3;1;1;10;-12
17/12/2022;POR;4;gordoer01;Eric Gordon;20:28;2;6;.333;1;3;.333;0;0;;0;1;1;0;0;0;1;0;5;-14
17/12/2022;POR;5;Reserves;Reserves
17/12/2022;POR;6;martike04;Kenyon Martin Jr.;31:00;6;9;.667;0;2;.000;1;1;1.000;1;4;5;2;1;0;0;2;13;+6
17/12/2022;POR;7;easonta01;Tari Eason;23:11;6;14;.429;1;3;.333;0;0;;3;3;6;1;0;0;1;3;13;+4
17/12/2022;POR;8;nixda01;Daishen Nix;16:28;2;3;.667;1;2;.500;0;0;;0;1;1;2;2;0;1;1;5;+9
17/12/2022;POR;9;washity02;TyTy Washington Jr.;15:26;3;6;.500;0;2;.000;0;0;;1;2;3;2;1;0;0;2;6;+6
17/12/2022;POR;10;garubus01;Usman Garuba;11:28;1;2;.500;0;0;;1;2;.500;4;1;5;2;1;0;0;2;3;-8
17/12/2022;POR;11;fernabr01;Bruno Fernando;10:54;1;2;.500;0;0;;2;4;.500;3;1;4;2;0;1;1;2;4;+2
17/12/2022;POR;12;marjabo01;Boban Marjanović;4:24;0;0;;0;0;;2;2;1.000;0;2;2;0;0;0;0;0;2;+6
