dateId;teamId;order;playerId;Starters;MP;FG;FGA;FG%;3P;3PA;3P%;FT;FTA;FT%;ORB;DRB;TRB;AST;STL;BLK;TOV;PF;PTS;+/-
01/01/2023;BOS;0;tatumja01;Jayson Tatum;35:31;7;16;.438;0;4;.000;11;14;.786;0;7;7;6;2;0;5;1;25;-15
01/01/2023;BOS;1;brownja02;Jaylen Brown;34:13;12;20;.600;4;8;.500;2;2;1.000;2;6;8;3;1;0;0;3;30;-7
01/01/2023;BOS;2;smartma01;Marcus Smart;31:19;2;12;.167;0;4;.000;0;0;;2;3;5;7;1;0;1;3;4;-3
01/01/2023;BOS;3;horfoal01;Al Horford;30:06;3;10;.300;2;6;.333;0;0;;2;4;6;3;0;1;0;0;8;-7
01/01/2023;BOS;4;whitede01;Derrick White;23:13;5;9;.556;2;5;.400;1;2;.500;0;1;1;3;1;1;1;1;13;-14
01/01/2023;BOS;5;Reserves;Reserves
01/01/2023;BOS;6;willigr01;Grant Williams;27:31;2;4;.500;0;1;.000;5;5;1.000;2;3;5;1;1;1;2;3;9;-12
01/01/2023;BOS;7;brogdma01;Malcolm Brogdon;19:35;1;6;.167;0;3;.000;2;2;1.000;0;2;2;4;1;0;1;1;4;-13
01/01/2023;BOS;8;williro04;Robert Williams;18:45;4;4;1.000;0;0;;0;0;;2;4;6;1;0;0;2;2;8;-2
01/01/2023;BOS;9;hausesa01;Sam Hauser;11:27;2;3;.667;1;2;.500;0;0;;0;0;0;0;0;0;0;0;5;+5
01/01/2023;BOS;10;kornelu01;Luke Kornet;2:05;2;2;1.000;0;0;;0;0;;0;0;0;0;0;0;0;1;4;+2
01/01/2023;BOS;11;pritcpa01;Payton Pritchard;2:05;0;0;;0;0;;1;2;.500;0;0;0;0;0;0;1;0;1;+2
01/01/2023;BOS;12;jacksju01;Justin Jackson;2:05;0;1;.000;0;0;;0;0;;0;0;0;2;1;0;0;0;0;+2
01/01/2023;BOS;13;vonleno01;Noah Vonleh;2:05;0;0;;0;0;;0;0;;0;1;1;0;0;0;0;0;0;+2
01/01/2023;BOS;14;griffbl01;Blake Griffin;Did Not Play
01/01/2023;BOS;0;gordoaa01;Aaron Gordon;36:58;6;13;.462;1;2;.500;5;6;.833;1;5;6;7;2;1;2;1;18;+23
01/01/2023;BOS;1;portemi01;Michael Porter Jr.;32:36;7;13;.538;3;7;.429;2;2;1.000;0;4;4;2;0;1;3;1;19;+11
01/01/2023;BOS;2;jokicni01;Nikola Jokić;32:02;10;13;.769;2;2;1.000;8;8;1.000;0;12;12;12;1;0;0;1;30;+14
01/01/2023;BOS;3;brownbr01;Bruce Brown;30:21;8;14;.571;4;6;.667;1;1;1.000;0;3;3;2;1;1;3;1;21;+5
01/01/2023;BOS;4;caldwke01;Kentavious Caldwell-Pope;29:45;2;7;.286;2;3;.667;0;0;;0;3;3;4;1;0;1;4;6;+6
01/01/2023;BOS;5;Reserves;Reserves
01/01/2023;BOS;6;braunch01;Christian Braun;25:21;1;1;1.000;0;0;;0;0;;0;2;2;0;0;0;1;1;2;+7
01/01/2023;BOS;7;hylanbo01;Bones Hyland;19:09;7;12;.583;3;7;.429;0;1;.000;0;2;2;4;0;0;4;3;17;+5
01/01/2023;BOS;8;cancavl01;Vlatko Čančar;16:32;3;4;.750;2;3;.667;0;0;;0;1;1;0;0;0;0;4;8;-4
01/01/2023;BOS;9;nnajize01;Zeke Nnaji;12:22;1;1;1.000;0;0;;0;0;;0;1;1;0;0;1;0;1;2;+5
01/01/2023;BOS;10;reedda01;Davon Reed;1:38;0;0;;0;0;;0;0;;0;1;1;0;0;0;0;0;0;-4
01/01/2023;BOS;11;smithis01;Ish Smith;1:38;0;1;.000;0;0;;0;0;;0;0;0;0;0;0;0;0;0;-4
01/01/2023;BOS;12;whiteja03;Jack White;1:38;0;0;;0;0;;0;0;;0;0;0;0;0;0;0;0;0;-4
01/01/2023;BOS;13;jordade01;DeAndre Jordan;Did Not Play
