dateId;teamId;order;playerId;Starters;MP;FG;FGA;FG%;3P;3PA;3P%;FT;FTA;FT%;ORB;DRB;TRB;AST;STL;BLK;TOV;PF;PTS;+/-
21/03/2023;BOS;0;whitede01;Derrick White;37:44;6;11;.545;5;10;.500;3;4;.750;3;4;7;12;0;2;1;2;20;+18
21/03/2023;BOS;1;tatumja01;Jayson Tatum;35:16;14;25;.560;2;7;.286;6;11;.545;1;7;8;4;2;0;1;0;36;+21
21/03/2023;BOS;2;brownja02;Jaylen Brown;34:02;10;16;.625;4;7;.571;3;3;1.000;0;5;5;4;0;0;1;2;27;+20
21/03/2023;BOS;3;smartma01;Marcus Smart;32:48;6;15;.400;3;9;.333;2;3;.667;2;0;2;7;2;0;1;3;17;+13
21/03/2023;BOS;4;horfoal01;Al Horford;27:02;4;6;.667;3;5;.600;0;0;;1;4;5;0;1;0;0;1;11;+25
21/03/2023;BOS;5;Reserves;Reserves
21/03/2023;BOS;6;willigr01;Grant Williams;21:54;3;4;.750;0;1;.000;0;0;;2;3;5;3;2;0;0;0;6;+8
21/03/2023;BOS;7;brogdma01;Malcolm Brogdon;21:53;2;8;.250;0;3;.000;0;0;;0;3;3;2;2;0;0;1;4;+6
21/03/2023;BOS;8;williro04;Robert Williams;20:51;2;4;.500;0;0;;2;2;1.000;2;5;7;0;0;1;1;5;6;+7
21/03/2023;BOS;9;hausesa01;Sam Hauser;2:50;1;2;.500;1;2;.500;0;0;;0;0;0;0;0;0;0;0;3;-1
21/03/2023;BOS;10;kornelu01;Luke Kornet;2:50;1;1;1.000;0;0;;0;0;;0;0;0;1;0;0;0;0;2;-1
21/03/2023;BOS;11;muscami01;Mike Muscala;2:50;0;0;;0;0;;0;0;;0;1;1;0;0;0;0;1;0;-1
21/03/2023;BOS;12;griffbl01;Blake Griffin;Did Not Play
21/03/2023;BOS;0;murrake02;Keegan Murray;39:08;6;14;.429;3;10;.300;0;0;;0;5;5;2;1;0;2;5;15;-18
21/03/2023;BOS;1;sabondo01;Domantas Sabonis;36:57;7;12;.583;0;1;.000;2;6;.333;4;9;13;12;1;0;6;2;16;-15
21/03/2023;BOS;2;foxde01;De'Aaron Fox;28:34;6;11;.545;2;5;.400;4;5;.800;0;1;1;3;0;0;1;2;18;-34
21/03/2023;BOS;3;barneha02;Harrison Barnes;24:59;3;7;.429;2;4;.500;3;4;.750;1;4;5;1;0;0;1;0;11;-12
21/03/2023;BOS;4;edwarke02;Kessler Edwards;19:46;3;5;.600;2;4;.500;0;0;;3;0;3;1;0;1;0;3;8;-14
21/03/2023;BOS;5;Reserves;Reserves
21/03/2023;BOS;6;daviste02;Terence Davis;20:45;4;9;.444;4;9;.444;0;1;.000;1;3;4;0;0;0;0;1;12;+7
21/03/2023;BOS;7;mitchda01;Davion Mitchell;19:11;5;8;.625;3;5;.600;0;0;;0;2;2;1;0;0;0;1;13;+1
21/03/2023;BOS;8;monkma01;Malik Monk;17:08;1;7;.143;0;4;.000;4;4;1.000;0;1;1;2;1;1;0;2;6;-19
21/03/2023;BOS;9;lylestr01;Trey Lyles;10:26;0;1;.000;0;1;.000;0;0;;0;5;5;0;0;1;2;1;0;-4
21/03/2023;BOS;10;holmeri01;Richaun Holmes;5:04;2;2;1.000;1;1;1.000;0;0;;1;1;2;0;0;0;1;0;5;-2
21/03/2023;BOS;11;metuch01;Chimezie Metu;5:04;1;2;.500;0;0;;1;1;1.000;0;0;0;0;0;0;0;0;3;-2
21/03/2023;BOS;12;doziepj01;PJ Dozier;5:04;0;2;.000;0;0;;0;0;;0;1;1;0;0;1;1;0;0;-2
21/03/2023;BOS;13;elliske01;Keon Ellis;5:04;0;0;;0;0;;0;0;;0;0;0;1;0;0;0;2;0;-2
21/03/2023;BOS;14;dellama01;Matthew Dellavedova;2:50;1;1;1.000;0;0;;0;0;;0;0;0;2;0;0;0;0;2;+1
21/03/2023;BOS;15;lenal01;Alex Len;Did Not Play
