dateId;teamId;order;playerId;Starters;MP;FG;FGA;FG%;3P;3PA;3P%;FT;FTA;FT%;ORB;DRB;TRB;AST;STL;BLK;TOV;PF;PTS;+/-
26/04/2023;LAL;0;reaveau01;Austin Reaves;40:02;4;13;.308;3;8;.375;6;6;1.000;2;6;8;6;1;0;4;4;17;+5
26/04/2023;LAL;1;jamesle01;LeBron James;36:57;5;17;.294;1;9;.111;4;6;.667;2;8;10;5;1;1;5;1;15;-1
26/04/2023;LAL;2;davisan02;Anthony Davis;35:10;14;23;.609;1;3;.333;2;3;.667;4;15;19;1;1;2;1;3;31;+6
26/04/2023;LAL;3;russeda01;D'Angelo Russell;30:26;4;11;.364;2;5;.400;1;2;.500;2;2;4;10;1;0;1;1;11;0
26/04/2023;LAL;4;vandeja01;Jarred Vanderbilt;17:47;3;4;.750;0;1;.000;1;2;.500;0;2;2;3;0;0;1;4;7;+2
26/04/2023;LAL;5;Reserves;Reserves
26/04/2023;LAL;6;hachiru01;Rui Hachimura;21:11;4;8;.500;1;3;.333;0;0;;0;2;2;0;0;0;0;3;9;-18
26/04/2023;LAL;7;schrode01;Dennis Schröder;19:00;0;2;.000;0;1;.000;0;0;;1;0;1;1;1;0;0;0;0;-20
26/04/2023;LAL;8;browntr01;Troy Brown Jr.;11:41;0;2;.000;0;2;.000;0;0;;0;4;4;1;0;0;0;0;0;-26
26/04/2023;LAL;9;beaslma01;Malik Beasley;11:08;2;6;.333;2;6;.333;0;0;;1;0;1;0;0;0;1;0;6;-23
26/04/2023;LAL;10;gabriwe01;Wenyen Gabriel;8:02;1;3;.333;0;0;;1;1;1.000;2;0;2;0;2;0;0;1;3;-5
26/04/2023;LAL;11;walkelo01;Lonnie Walker IV;4:40;0;1;.000;0;0;;0;0;;0;0;0;0;0;0;0;0;0;-3
26/04/2023;LAL;12;chrisma02;Max Christie;1:58;0;1;.000;0;1;.000;0;0;;0;0;0;1;0;0;0;0;0;-1
26/04/2023;LAL;13;harrish01;Shaquille Harrison;1:58;0;1;.000;0;0;;0;0;;0;1;1;0;1;0;0;0;0;-1
26/04/2023;LAL;14;bambamo01;Mo Bamba;Did Not Play
26/04/2023;LAL;15;thomptr01;Tristan Thompson;Did Not Play
26/04/2023;LAL;0;banede01;Desmond Bane;42:50;12;21;.571;4;9;.444;5;6;.833;1;9;10;5;0;0;2;1;33;+18
26/04/2023;LAL;1;jacksja02;Jaren Jackson Jr.;37:57;5;11;.455;2;5;.400;6;6;1.000;4;6;10;0;1;2;2;5;18;+1
26/04/2023;LAL;2;moranja01;Ja Morant;37:33;13;26;.500;2;5;.400;3;4;.750;2;8;10;7;1;0;2;2;31;+19
26/04/2023;LAL;3;tillmxa01;Xavier Tillman Sr.;31:06;4;10;.400;0;1;.000;0;1;.000;3;3;6;4;0;0;1;1;8;+11
26/04/2023;LAL;4;brookdi01;Dillon Brooks;29:34;3;15;.200;2;10;.200;0;0;;0;2;2;0;0;0;1;4;8;-7
26/04/2023;LAL;5;Reserves;Reserves
26/04/2023;LAL;6;kennalu01;Luke Kennard;17:39;2;3;.667;2;3;.667;0;0;;1;4;5;1;1;0;0;3;6;+26
26/04/2023;LAL;7;jonesty01;Tyus Jones;15:07;1;4;.250;1;4;.250;0;0;;0;1;1;3;2;0;2;0;3;+12
26/04/2023;LAL;8;aldamsa01;Santi Aldama;13:53;3;5;.600;1;2;.500;0;0;;2;3;5;3;1;0;0;1;7;+17
26/04/2023;LAL;9;konchjo01;John Konchar;10:09;0;2;.000;0;1;.000;0;0;;1;2;3;0;0;0;0;2;0;-9
26/04/2023;LAL;10;loftoke01;Kenneth Lofton Jr.;1:24;1;2;.500;0;0;;0;0;;0;0;0;0;0;0;0;0;2;-1
26/04/2023;LAL;11;roddyda01;David Roddy;1:24;0;0;;0;0;;0;0;;0;0;0;0;0;0;0;0;0;-1
26/04/2023;LAL;12;willizi02;Ziaire Williams;1:24;0;0;;0;0;;0;0;;0;0;0;1;0;0;1;0;0;-1
