dateId;teamId;order;playerId;Starters;MP;FG;FGA;FG%;3P;3PA;3P%;FT;FTA;FT%;ORB;DRB;TRB;AST;STL;BLK;TOV;PF;PTS;+/-
07/12/2022;OKC;0;gilgesh01;Shai Gilgeous-Alexander;33:47;4;14;.286;1;4;.250;17;19;.895;0;3;3;7;0;1;5;0;26;-12
07/12/2022;OKC;1;robinje02;Jeremiah Robinson-Earl;26:51;4;11;.364;1;4;.250;0;0;;5;4;9;0;0;0;1;1;9;-11
07/12/2022;OKC;2;giddejo01;Josh Giddey;26:50;4;13;.308;2;3;.667;0;0;;3;7;10;4;1;0;3;0;10;-23
07/12/2022;OKC;3;willija06;Jalen Williams;25:34;3;11;.273;1;4;.250;0;0;;1;2;3;3;1;0;1;4;7;-16
07/12/2022;OKC;4;pokusal01;Aleksej Pokusevski;21:20;4;7;.571;2;4;.500;0;0;;0;2;2;4;0;1;2;2;10;-12
07/12/2022;OKC;5;Reserves;Reserves
07/12/2022;OKC;6;omorueu01;Eugene Omoruyi;23:50;5;11;.455;1;5;.200;0;0;;2;3;5;2;4;0;0;2;11;-15
07/12/2022;OKC;7;manntr01;Tre Mann;23:43;4;9;.444;3;6;.500;1;2;.500;1;1;2;0;1;0;1;1;12;-22
07/12/2022;OKC;8;joeis01;Isaiah Joe;18:59;2;6;.333;2;5;.400;2;2;1.000;0;5;5;2;1;1;3;1;8;+1
07/12/2022;OKC;9;wiggiaa01;Aaron Wiggins;16:23;3;5;.600;0;0;;0;0;;0;4;4;1;0;0;2;3;6;+4
07/12/2022;OKC;10;muscami01;Mike Muscala;11:58;1;2;.500;1;2;.500;0;0;;1;2;3;0;0;0;0;1;3;+3
07/12/2022;OKC;11;willija07;Jaylin Williams;10:45;0;3;.000;0;1;.000;0;0;;1;1;2;2;1;0;0;1;0;-2
07/12/2022;OKC;12;bazleda01;Darius Bazley;Did Not Play
07/12/2022;OKC;0;brookdi01;Dillon Brooks;30:13;9;19;.474;5;12;.417;1;1;1.000;0;3;3;2;1;1;2;3;24;+9
07/12/2022;OKC;1;moranja01;Ja Morant;30:09;8;16;.500;2;3;.667;8;10;.800;3;10;13;11;2;0;3;2;26;+11
07/12/2022;OKC;2;konchjo01;John Konchar;27:47;3;9;.333;0;4;.000;1;1;1.000;1;3;4;1;2;0;1;2;7;+11
07/12/2022;OKC;3;jacksja02;Jaren Jackson Jr.;25:45;5;9;.556;2;4;.500;0;0;;0;3;3;1;2;5;1;2;12;+12
07/12/2022;OKC;4;adamsst01;Steven Adams;20:51;4;4;1.000;0;0;;0;1;.000;2;3;5;2;0;2;1;0;8;+10
07/12/2022;OKC;5;Reserves;Reserves
07/12/2022;OKC;6;clarkbr01;Brandon Clarke;24:49;8;10;.800;0;0;;1;1;1.000;0;8;8;1;0;1;1;3;17;+11
07/12/2022;OKC;7;aldamsa01;Santi Aldama;22:15;5;8;.625;2;4;.500;2;2;1.000;1;4;5;3;1;0;1;3;14;+9
07/12/2022;OKC;8;jonesty01;Tyus Jones;21:56;1;5;.200;1;3;.333;0;0;;2;0;2;5;2;0;2;0;3;+11
07/12/2022;OKC;9;willizi02;Ziaire Williams;18:44;2;9;.222;0;4;.000;0;0;;1;5;6;3;2;0;0;3;4;+15
07/12/2022;OKC;10;roddyda01;David Roddy;15:11;3;5;.600;2;4;.500;0;0;;0;1;1;3;0;0;2;1;8;+6
07/12/2022;OKC;11;tillmxa01;Xavier Tillman Sr.;2:20;0;0;;0;0;;0;0;;0;0;0;0;1;0;0;0;0;0
