dateId;teamId;order;playerId;Starters;MP;FG;FGA;FG%;3P;3PA;3P%;FT;FTA;FT%;ORB;DRB;TRB;AST;STL;BLK;TOV;PF;PTS;+/-
28/12/2022;ORL;0;banchpa01;Paolo Banchero;32:06;4;12;.333;0;1;.000;7;8;.875;1;4;5;2;1;1;2;5;15;-14
28/12/2022;ORL;1;wagnefr01;Franz Wagner;28:47;7;15;.467;1;4;.250;4;5;.800;2;4;6;3;1;0;1;1;19;-13
28/12/2022;ORL;2;fultzma01;Markelle Fultz;27:51;2;12;.167;0;0;;2;2;1.000;1;6;7;9;1;0;1;3;6;-6
28/12/2022;ORL;3;bolbo01;Bol Bol;24:37;5;9;.556;0;2;.000;1;1;1.000;1;5;6;0;0;0;3;3;11;-13
28/12/2022;ORL;4;wagnemo01;Moritz Wagner;12:40;2;5;.400;2;3;.667;1;2;.500;1;3;4;1;0;0;0;1;7;-14
28/12/2022;ORL;5;Reserves;Reserves
28/12/2022;ORL;6;anthoco01;Cole Anthony;28:23;2;6;.333;0;2;.000;4;4;1.000;1;4;5;6;1;2;2;3;8;-3
28/12/2022;ORL;7;cartewe01;Wendell Carter Jr.;24:23;5;10;.500;1;3;.333;5;9;.556;6;2;8;1;0;0;1;2;16;-7
28/12/2022;ORL;8;harriga01;Gary Harris;22:28;3;6;.500;1;3;.333;0;0;;0;0;0;0;0;0;0;2;7;-8
28/12/2022;ORL;9;bambamo01;Mo Bamba;16:00;3;5;.600;0;1;.000;1;1;1.000;1;3;4;2;0;2;1;3;7;+1
28/12/2022;ORL;10;houstca01;Caleb Houstan;10:02;1;3;.333;0;2;.000;0;0;;1;1;2;0;0;0;1;2;2;-18
28/12/2022;ORL;11;schofad01;Admiral Schofield;9:59;1;2;.500;0;1;.000;1;2;.500;0;0;0;0;1;0;1;1;3;-4
28/12/2022;ORL;12;hamptrj01;R.J. Hampton;2:44;0;0;;0;0;;0;0;;0;0;0;0;0;0;0;0;0;-1
28/12/2022;ORL;13;rosste01;Terrence Ross;Did Not Play
28/12/2022;ORL;0;bogdabo02;Bojan Bogdanović;35:44;4;14;.286;1;5;.200;5;6;.833;0;3;3;5;0;0;1;3;14;+25
28/12/2022;ORL;1;durenja01;Jalen Duren;33:42;3;5;.600;0;0;;1;2;.500;8;10;18;4;0;1;2;5;7;+10
28/12/2022;ORL;2;iveyja01;Jaden Ivey;27:49;1;7;.143;0;1;.000;6;7;.857;1;5;6;4;1;1;3;4;8;-1
28/12/2022;ORL;3;stewais01;Isaiah Stewart;26:30;4;12;.333;2;8;.250;1;2;.500;0;3;3;0;0;0;1;2;11;+10
28/12/2022;ORL;4;hayeski01;Killian Hayes;15:37;1;4;.250;1;4;.250;2;2;1.000;0;2;2;3;0;0;2;0;5;+16
28/12/2022;ORL;5;Reserves;Reserves
28/12/2022;ORL;6;beysa01;Saddiq Bey;35:15;8;16;.500;6;11;.545;6;8;.750;0;8;8;4;1;1;2;3;28;+20
28/12/2022;ORL;7;burksal01;Alec Burks;30:30;10;11;.909;6;7;.857;6;6;1.000;0;2;2;4;2;1;0;2;32;+12
28/12/2022;ORL;8;josepco01;Cory Joseph;14:30;0;2;.000;0;1;.000;1;2;.500;0;1;1;0;2;0;1;4;1;-6
28/12/2022;ORL;9;diallha01;Hamidou Diallo;13:32;4;6;.667;1;2;.500;2;3;.667;2;3;5;1;0;0;0;2;11;+19
28/12/2022;ORL;10;knoxke01;Kevin Knox;6:18;1;3;.333;1;3;.333;0;0;;0;1;1;0;0;0;1;0;3;-5
28/12/2022;ORL;11;noelne01;Nerlens Noel;0:33;0;0;;0;0;;1;2;.500;0;0;0;0;1;0;0;0;1;0
28/12/2022;ORL;12;mcgruro01;Rodney McGruder;Did Not Play
