dateId;teamId;order;playerId;Starters;MP;FG;FGA;FG%;3P;3PA;3P%;FT;FTA;FT%;ORB;DRB;TRB;AST;STL;BLK;TOV;PF;PTS;+/-
28/01/2023;TOR;0;vanvlfr01;Fred VanVleet;41:07;4;13;.308;2;8;.250;1;1;1.000;3;3;6;9;4;1;2;4;11;+19
28/01/2023;TOR;1;siakapa01;Pascal Siakam;39:08;9;17;.529;1;2;.500;5;5;1.000;0;3;3;4;0;0;1;4;24;+17
28/01/2023;TOR;2;barnesc01;Scottie Barnes;37:44;7;12;.583;0;1;.000;4;4;1.000;4;6;10;7;0;0;0;1;18;+26
28/01/2023;TOR;3;trentga02;Gary Trent Jr.;35:39;7;16;.438;4;10;.400;1;1;1.000;0;1;1;1;0;0;0;1;19;+18
28/01/2023;TOR;4;achiupr01;Precious Achiuwa;33:25;11;16;.688;1;2;.500;4;4;1.000;3;10;13;0;2;1;2;3;27;+27
28/01/2023;TOR;5;Reserves;Reserves
28/01/2023;TOR;6;bouchch01;Chris Boucher;17:11;4;7;.571;1;3;.333;1;2;.500;2;3;5;1;0;0;0;1;10;-6
28/01/2023;TOR;7;hernaju01;Juancho Hernangómez;11:38;1;2;.500;1;2;.500;0;0;;0;2;2;0;0;0;1;1;3;-14
28/01/2023;TOR;8;flynnma01;Malachi Flynn;10:23;0;3;.000;0;2;.000;0;0;;1;1;2;0;0;0;0;1;0;+1
28/01/2023;TOR;9;youngth01;Thaddeus Young;9:09;3;4;.750;0;0;;1;1;1.000;1;0;1;1;0;1;0;2;7;-1
28/01/2023;TOR;10;harpero02;Ron Harper Jr.;1:32;1;1;1.000;0;0;;0;0;;1;0;1;0;0;0;0;0;2;+1
28/01/2023;TOR;11;kolokch01;Christian Koloko;1:32;1;1;1.000;0;0;;0;0;;0;1;1;0;0;0;0;0;2;+1
28/01/2023;TOR;12;dowtije01;Jeff Dowtin;1:32;0;0;;0;0;;0;0;;0;0;0;1;0;0;0;0;0;+1
28/01/2023;TOR;13;birchkh01;Khem Birch;Did Not Play
28/01/2023;TOR;0;grantje01;Jerami Grant;40:46;9;19;.474;1;4;.250;7;9;.778;0;8;8;3;1;2;1;2;26;-22
28/01/2023;TOR;1;simonan01;Anfernee Simons;40:28;7;12;.583;0;2;.000;0;0;;1;4;5;4;0;0;3;4;14;-15
28/01/2023;TOR;2;lillada01;Damian Lillard;36:56;10;20;.500;2;9;.222;8;9;.889;1;3;4;3;0;0;4;4;30;-24
28/01/2023;TOR;3;littlna01;Nassir Little;29:31;3;6;.500;2;4;.500;0;0;;0;3;3;2;0;1;1;0;8;-25
28/01/2023;TOR;4;eubandr01;Drew Eubanks;22:07;3;6;.500;0;0;;1;2;.500;1;2;3;1;1;2;2;3;7;-15
28/01/2023;TOR;5;Reserves;Reserves
28/01/2023;TOR;6;watfotr01;Trendon Watford;25:53;3;4;.750;0;0;;0;0;;0;3;3;2;0;0;0;2;6;-3
28/01/2023;TOR;7;sharpsh01;Shaedon Sharpe;19:02;2;4;.500;0;2;.000;2;3;.667;0;1;1;0;1;1;0;0;6;+5
28/01/2023;TOR;8;paytoga02;Gary Payton II;16:57;1;1;1.000;1;1;1.000;0;0;;0;0;0;3;0;0;0;1;3;+8
28/01/2023;TOR;9;walkeja01;Jabari Walker;5:16;1;2;.500;0;0;;0;0;;0;0;0;0;0;0;0;0;2;+3
28/01/2023;TOR;10;johnske07;Keon Johnson;1:32;1;1;1.000;1;1;1.000;0;0;;0;0;0;0;0;0;0;0;3;-1
28/01/2023;TOR;11;butlejo01;John Butler;1:32;0;1;.000;0;1;.000;0;0;;0;0;0;0;0;0;0;0;0;-1
28/01/2023;TOR;12;hartjo01;Josh Hart;Did Not Play
