dateId;teamId;order;playerId;Starters;MP;FG;FGA;FG%;3P;3PA;3P%;FT;FTA;FT%;ORB;DRB;TRB;AST;STL;BLK;TOV;PF;PTS;+/-
02/03/2023;LAC;0;gordoer01;Eric Gordon;33:36;6;16;.375;2;10;.200;2;3;.667;0;0;0;0;1;1;2;3;16;-11
02/03/2023;LAC;1;leonaka01;Kawhi Leonard;31:53;8;12;.667;2;3;.667;3;5;.600;0;7;7;0;2;2;1;1;21;-22
02/03/2023;LAC;2;plumlma01;Mason Plumlee;29:02;3;5;.600;0;0;;6;6;1.000;2;18;20;2;0;0;3;2;12;-11
02/03/2023;LAC;3;westbru01;Russell Westbrook;27:41;3;12;.250;0;5;.000;2;2;1.000;0;0;0;6;0;0;4;3;8;-10
02/03/2023;LAC;4;georgpa01;Paul George;26:33;3;15;.200;1;8;.125;4;4;1.000;1;4;5;5;0;0;1;5;11;-10
02/03/2023;LAC;5;Reserves;Reserves
02/03/2023;LAC;6;mannte01;Terance Mann;23:51;2;4;.500;1;2;.500;0;0;;4;1;5;3;2;0;3;2;5;-24
02/03/2023;LAC;7;powelno01;Norman Powell;20:34;1;9;.111;0;7;.000;0;0;;0;2;2;1;0;0;1;1;2;-10
02/03/2023;LAC;8;batumni01;Nicolas Batum;19:36;2;5;.400;1;4;.250;0;0;;1;0;1;0;0;1;0;0;5;-12
02/03/2023;LAC;9;hylanbo01;Bones Hyland;12:18;2;7;.286;1;3;.333;1;1;1.000;0;5;5;1;0;0;0;6;6;-4
02/03/2023;LAC;10;covinro01;Robert Covington;7:28;1;2;.500;1;1;1.000;0;0;;0;1;1;0;0;1;0;0;3;-3
02/03/2023;LAC;11;coffeam01;Amir Coffey;7:28;1;2;.500;0;0;;0;0;;1;0;1;1;0;0;1;1;2;-3
02/03/2023;LAC;0;poolejo01;Jordan Poole;31:30;9;20;.450;5;12;.417;11;12;.917;2;2;4;3;2;0;3;1;34;+19
02/03/2023;LAC;1;divindo01;Donte DiVincenzo;31:24;2;10;.200;1;6;.167;0;0;;5;6;11;0;2;2;1;1;5;+22
02/03/2023;LAC;2;thompkl01;Klay Thompson;29:47;7;16;.438;3;8;.375;2;2;1.000;0;11;11;4;2;1;1;2;19;+16
02/03/2023;LAC;3;greendr01;Draymond Green;29:03;5;7;.714;0;1;.000;1;2;.500;1;8;9;9;0;0;4;4;11;+19
02/03/2023;LAC;4;looneke01;Kevon Looney;24:47;4;7;.571;0;1;.000;3;4;.750;3;5;8;1;0;0;0;4;11;+17
02/03/2023;LAC;5;Reserves;Reserves
02/03/2023;LAC;6;kuminjo01;Jonathan Kuminga;28:40;7;12;.583;3;4;.750;2;3;.667;2;5;7;2;2;1;2;3;19;+16
02/03/2023;LAC;7;lamban01;Anthony Lamb;26:37;1;7;.143;1;5;.200;2;2;1.000;1;1;2;1;0;1;0;2;5;+9
02/03/2023;LAC;8;jeromty01;Ty Jerome;19:38;1;6;.167;0;4;.000;2;2;1.000;0;4;4;3;1;0;0;0;4;+6
02/03/2023;LAC;9;baldwpa01;Patrick Baldwin Jr.;8:40;2;6;.333;0;3;.000;0;0;;0;3;3;2;0;1;0;2;4;-2
02/03/2023;LAC;10;moodymo01;Moses Moody;5:04;1;2;.500;1;2;.500;0;0;;1;0;1;0;0;0;0;0;3;0
02/03/2023;LAC;11;greenja01;JaMychal Green;4:38;0;0;;0;0;;0;0;;0;0;0;0;0;0;0;1;0;-2
02/03/2023;LAC;12;rolliry01;Ryan Rollins;Did Not Dress
