dateId;teamId;order;playerId;Starters;MP;FG;FGA;FG%;3P;3PA;3P%;FT;FTA;FT%;ORB;DRB;TRB;AST;STL;BLK;TOV;PF;PTS;+/-
26/03/2023;WAS;0;kispeco01;Corey Kispert;39:55;7;16;.438;5;11;.455;0;0;;0;3;3;0;0;0;4;2;19;-23
26/03/2023;WAS;1;avdijde01;Deni Avdija;34:26;6;13;.462;1;4;.250;2;4;.500;3;6;9;7;1;0;3;2;15;+3
26/03/2023;WAS;2;porzikr01;Kristaps Porziņģis;33:56;9;17;.529;4;7;.571;4;5;.800;1;5;6;2;2;0;3;2;26;+1
26/03/2023;WAS;3;wrighde01;Delon Wright;33:56;2;9;.222;1;4;.250;0;0;;0;7;7;8;2;0;1;0;5;+1
26/03/2023;WAS;4;gaffoda01;Daniel Gafford;28:54;3;9;.333;0;0;;4;6;.667;5;3;8;3;0;1;1;2;10;-10
26/03/2023;WAS;5;Reserves;Reserves
26/03/2023;WAS;6;davisjo06;Johnny Davis;29:52;5;8;.625;3;4;.750;2;4;.500;1;3;4;2;1;0;1;1;15;-5
26/03/2023;WAS;7;goodwjo01;Jordan Goodwin;20:27;4;9;.444;1;3;.333;0;0;;1;3;4;2;0;1;2;1;9;-11
26/03/2023;WAS;8;gillan01;Anthony Gill;8:13;1;2;.500;0;0;;0;1;.000;1;2;3;0;0;0;0;0;2;-6
26/03/2023;WAS;9;nunnke01;Kendrick Nunn;8:09;1;3;.333;1;3;.333;0;0;;0;0;0;0;0;0;1;2;3;-4
26/03/2023;WAS;10;cooksxa01;Xavier Cooks;2:12;0;0;;0;0;;0;0;;0;1;1;1;0;0;0;0;0;+4
26/03/2023;WAS;11;gibsota01;Taj Gibson;Did Not Play
26/03/2023;WAS;0;anunoog01;OG Anunoby;37:02;11;21;.524;4;10;.400;3;4;.750;2;6;8;1;1;3;1;4;29;+18
26/03/2023;WAS;1;vanvlfr01;Fred VanVleet;35:38;10;21;.476;5;9;.556;3;3;1.000;0;4;4;7;3;1;1;1;28;+11
26/03/2023;WAS;2;siakapa01;Pascal Siakam;33:34;7;17;.412;1;3;.333;4;4;1.000;2;9;11;2;1;0;3;3;19;-3
26/03/2023;WAS;3;barnesc01;Scottie Barnes;32:02;5;14;.357;0;2;.000;3;3;1.000;2;3;5;6;3;1;1;4;13;+10
26/03/2023;WAS;4;poeltja01;Jakob Poeltl;26:08;6;9;.667;0;0;;0;0;;6;6;12;1;1;0;3;2;12;+7
26/03/2023;WAS;5;Reserves;Reserves
26/03/2023;WAS;6;bouchch01;Chris Boucher;22:12;3;5;.600;0;1;.000;0;0;;3;4;7;0;0;0;1;3;6;+10
26/03/2023;WAS;7;dowtije01;Jeff Dowtin;19:12;1;2;.500;1;1;1.000;0;0;;0;2;2;4;0;0;0;0;3;+14
26/03/2023;WAS;8;kolokch01;Christian Koloko;15:19;0;2;.000;0;0;;0;0;;1;0;1;0;3;1;0;1;0;+7
26/03/2023;WAS;9;flynnma01;Malachi Flynn;7:13;0;3;.000;0;3;.000;0;0;;0;0;0;0;0;0;0;0;0;-10
26/03/2023;WAS;10;achiupr01;Precious Achiuwa;5:43;1;2;.500;0;1;.000;0;2;.000;2;0;2;0;0;0;1;1;2;-10
26/03/2023;WAS;11;bartowi01;Will Barton;3:45;1;1;1.000;0;0;;0;0;;0;1;1;1;1;0;0;0;2;0
26/03/2023;WAS;12;harpero02;Ron Harper Jr.;2:12;0;1;.000;0;1;.000;0;0;;0;0;0;0;0;0;0;0;0;-4
26/03/2023;WAS;13;youngth01;Thaddeus Young;Did Not Play
