dateId;teamId;order;playerId;Starters;MP;FG;FGA;FG%;3P;3PA;3P%;FT;FTA;FT%;ORB;DRB;TRB;AST;STL;BLK;TOV;PF;PTS;+/-
31/03/2023;CHI;0;derozde01;DeMar DeRozan;32:52;8;15;.533;1;2;.500;6;7;.857;1;2;3;4;1;0;1;0;23;+24
31/03/2023;CHI;1;vucevni01;Nikola Vučević;30:06;9;14;.643;0;3;.000;3;4;.750;2;6;8;0;0;0;0;0;21;+25
31/03/2023;CHI;2;lavinza01;Zach LaVine;28:31;7;18;.389;3;6;.500;6;7;.857;0;3;3;3;1;0;1;1;23;+25
31/03/2023;CHI;3;beverpa01;Patrick Beverley;24:10;2;3;.667;0;1;.000;0;0;;0;5;5;2;2;0;0;1;4;+12
31/03/2023;CHI;4;carusal01;Alex Caruso;20:37;4;7;.571;2;5;.400;0;0;;1;3;4;3;1;2;0;3;10;+16
31/03/2023;CHI;5;Reserves;Reserves
31/03/2023;CHI;6;whiteco01;Coby White;26:19;4;7;.571;3;5;.600;0;0;;1;4;5;7;1;0;2;1;11;+13
31/03/2023;CHI;7;willipa01;Patrick Williams;24:26;5;10;.500;3;6;.500;2;2;1.000;0;0;0;0;1;0;0;0;15;+13
31/03/2023;CHI;8;dosunay01;Ayo Dosunmu;23:50;1;4;.250;0;2;.000;0;0;;0;0;0;4;1;1;1;3;2;+18
31/03/2023;CHI;9;drumman01;Andre Drummond;13:56;3;4;.750;0;0;;0;0;;2;9;11;1;2;1;1;1;6;+6
31/03/2023;CHI;10;terryda01;Dalen Terry;4:20;1;2;.500;0;0;;1;2;.500;0;1;1;1;2;0;1;1;3;-1
31/03/2023;CHI;11;jonesca03;Carlik Jones;3:58;0;2;.000;0;0;;0;0;;0;0;0;0;0;0;0;1;0;-1
31/03/2023;CHI;12;simonma01;Marko Simonovic;3:58;0;1;.000;0;0;;0;0;;1;0;1;0;0;0;0;1;0;-1
31/03/2023;CHI;13;taylote01;Terry Taylor;2:57;1;1;1.000;1;1;1.000;0;0;;1;0;1;0;0;0;0;0;3;+1
31/03/2023;CHI;14;greenja02;Javonte Green;Did Not Play
31/03/2023;CHI;15;jonesde02;Derrick Jones Jr.;Did Not Play
31/03/2023;CHI;0;willima07;Mark Williams;35:27;3;6;.500;0;0;;0;0;;1;7;8;0;1;1;3;3;6;-22
31/03/2023;CHI;1;mykhasv01;Svi Mykhailiuk;33:54;7;12;.583;2;5;.400;0;0;;0;2;2;5;0;1;2;1;16;-27
31/03/2023;CHI;2;maledth01;Théo Maledon;33:18;4;13;.308;0;5;.000;1;3;.333;0;4;4;9;1;0;3;3;9;-28
31/03/2023;CHI;3;mcgowbr01;Bryce McGowens;23:49;3;7;.429;1;3;.333;1;2;.500;0;5;5;2;0;0;2;2;8;-13
31/03/2023;CHI;4;washipj01;P.J. Washington;11:31;3;6;.500;2;4;.500;0;0;;0;2;2;2;0;0;1;2;8;-10
31/03/2023;CHI;5;Reserves;Reserves
31/03/2023;CHI;6;bouknja01;James Bouknight;31:09;8;16;.500;6;11;.545;0;0;;1;5;6;4;0;0;2;2;22;-15
31/03/2023;CHI;7;thorjt01;JT Thor;28:25;3;10;.300;2;6;.333;2;2;1.000;1;2;3;0;0;0;4;1;10;-12
31/03/2023;CHI;8;joneska01;Kai Jones;18:07;1;2;.500;0;0;;1;1;1.000;1;1;2;2;1;1;1;1;3;-16
31/03/2023;CHI;9;richani01;Nick Richards;12:33;2;2;1.000;1;1;1.000;0;0;;0;3;3;1;0;1;1;4;5;-8
31/03/2023;CHI;10;sneedxa01;Xavier Sneed;7:49;1;2;.500;0;1;.000;2;2;1.000;0;1;1;1;0;0;2;2;4;0
31/03/2023;CHI;11;simmoko01;Kobi Simmons;3:58;0;1;.000;0;1;.000;0;0;;0;0;0;1;0;1;0;0;0;+1
