dateId;teamId;order;playerId;Starters;MP;FG;FGA;FG%;3P;3PA;3P%;FT;FTA;FT%;ORB;DRB;TRB;AST;STL;BLK;TOV;PF;PTS;+/-
14/04/2023;OKC;0;dortlu01;Luguentz Dort;36:15;6;14;.429;4;8;.500;1;2;.500;2;6;8;3;2;0;1;3;17;-14
14/04/2023;OKC;1;gilgesh01;Shai Gilgeous-Alexander;35:57;5;19;.263;0;1;.000;12;12;1.000;4;3;7;3;1;3;1;4;22;-22
14/04/2023;OKC;2;willija06;Jalen Williams;32:23;5;10;.500;4;8;.500;3;4;.750;1;3;4;5;3;0;4;2;17;-23
14/04/2023;OKC;3;giddejo01;Josh Giddey;30:01;2;13;.154;0;4;.000;2;2;1.000;1;4;5;4;1;0;2;0;6;-22
14/04/2023;OKC;4;willija07;Jaylin Williams;22:46;3;5;.600;2;4;.500;0;0;;0;6;6;0;0;2;1;3;8;-17
14/04/2023;OKC;5;Reserves;Reserves
14/04/2023;OKC;6;joeis01;Isaiah Joe;21:11;3;9;.333;1;5;.200;0;0;;1;1;2;1;0;1;2;3;7;-7
14/04/2023;OKC;7;waterli01;Lindy Waters III;16:19;2;7;.286;1;6;.167;0;0;;2;0;2;2;1;0;2;2;5;-8
14/04/2023;OKC;8;wiggiaa01;Aaron Wiggins;15:03;2;3;.667;0;0;;0;0;;1;1;2;0;0;0;0;1;4;-6
14/04/2023;OKC;9;saricda01;Dario Šarić;12:33;1;3;.333;0;2;.000;0;0;;0;2;2;0;1;0;1;1;2;-7
14/04/2023;OKC;10;diengou01;Ousmane Dieng;7:10;2;5;.400;0;1;.000;0;0;;0;2;2;0;0;0;0;1;4;+1
14/04/2023;OKC;11;robinje02;Jeremiah Robinson-Earl;5:11;1;1;1.000;1;1;1.000;0;0;;0;1;1;0;0;0;0;0;3;0
14/04/2023;OKC;12;manntr01;Tre Mann;5:11;0;0;;0;0;;0;0;;0;1;1;1;0;0;3;0;0;0
14/04/2023;OKC;0;edwaran01;Anthony Edwards;38:56;8;19;.421;3;8;.375;0;0;;1;9;10;6;2;1;2;1;19;+7
14/04/2023;OKC;1;alexani01;Nickeil Alexander-Walker;37:17;5;10;.500;2;7;.286;0;0;;0;4;4;6;3;2;2;3;12;+18
14/04/2023;OKC;2;goberru01;Rudy Gobert;32:35;6;11;.545;0;0;;9;14;.643;4;6;10;2;0;0;2;1;21;+19
14/04/2023;OKC;3;conlemi01;Mike Conley;29:46;4;6;.667;2;4;.500;4;4;1.000;0;3;3;3;3;1;1;0;14;+24
14/04/2023;OKC;4;townska01;Karl-Anthony Towns;29:01;11;16;.688;1;4;.250;5;5;1.000;3;8;11;3;0;3;1;2;28;+19
14/04/2023;OKC;5;Reserves;Reserves
14/04/2023;OKC;6;anderky01;Kyle Anderson;31:31;4;9;.444;2;3;.667;1;1;1.000;1;5;6;4;0;1;3;2;11;+25
14/04/2023;OKC;7;princta02;Taurean Prince;20:10;2;8;.250;2;5;.400;0;0;;0;0;0;4;1;0;1;5;6;+11
14/04/2023;OKC;8;mclaujo01;Jordan McLaughlin;6:58;0;1;.000;0;0;;0;0;;0;1;1;0;1;0;1;1;0;0
14/04/2023;OKC;9;minotjo01;Josh Minott;3:53;2;2;1.000;1;1;1.000;2;2;1.000;0;0;0;0;0;0;0;0;7;+2
14/04/2023;OKC;10;knighna01;Nathan Knight;3:53;0;0;;0;0;;0;0;;0;2;2;1;1;0;2;0;0;+2
14/04/2023;OKC;11;riverau01;Austin Rivers;3:00;1;1;1.000;0;0;;0;0;;0;0;0;0;0;0;1;0;2;-1
14/04/2023;OKC;12;moorewe01;Wendell Moore Jr.;3:00;0;0;;0;0;;0;0;;0;0;0;0;0;0;0;0;0;-1
14/04/2023;OKC;13;nowelja01;Jaylen Nowell;Did Not Play
