dateId;teamId;order;playerId;Starters;MP;FG;FGA;FG%;3P;3PA;3P%;FT;FTA;FT%;ORB;DRB;TRB;AST;STL;BLK;TOV;PF;PTS;+/-
23/12/2022;DET;0;hayeski01;Killian Hayes;31:25;7;10;.700;1;3;.333;2;2;1.000;0;5;5;5;2;0;1;3;17;-15
23/12/2022;DET;1;bogdabo02;Bojan Bogdanović;30:20;8;20;.400;2;7;.286;5;5;1.000;1;2;3;1;1;0;3;2;23;-12
23/12/2022;DET;2;iveyja01;Jaden Ivey;28:20;5;14;.357;1;3;.333;4;5;.800;0;2;2;4;1;0;0;5;15;-20
23/12/2022;DET;3;durenja01;Jalen Duren;28:11;5;7;.714;0;0;;3;4;.750;3;5;8;0;0;1;1;2;13;-6
23/12/2022;DET;4;stewais01;Isaiah Stewart;27:57;2;7;.286;2;4;.500;1;2;.500;1;3;4;3;0;0;2;1;7;-14
23/12/2022;DET;5;Reserves;Reserves
23/12/2022;DET;6;beysa01;Saddiq Bey;21:18;1;5;.200;0;2;.000;4;4;1.000;1;2;3;0;0;1;1;0;6;-12
23/12/2022;DET;7;burksal01;Alec Burks;20:38;2;6;.333;2;4;.500;1;3;.333;0;3;3;1;0;0;4;0;7;-15
23/12/2022;DET;8;baglema01;Marvin Bagley III;19:49;2;5;.400;0;2;.000;0;0;;2;4;6;0;0;1;1;1;4;-19
23/12/2022;DET;9;knoxke01;Kevin Knox;16:25;2;9;.222;1;6;.167;0;0;;0;4;4;0;0;0;0;3;5;-12
23/12/2022;DET;10;diallha01;Hamidou Diallo;9:41;2;4;.500;0;0;;2;4;.500;1;3;4;1;3;0;1;1;6;-1
23/12/2022;DET;11;josepco01;Cory Joseph;5:56;1;3;.333;0;2;.000;0;0;;0;1;1;2;0;0;0;1;2;+1
23/12/2022;DET;12;mcgruro01;Rodney McGruder;Did Not Play
23/12/2022;DET;13;noelne01;Nerlens Noel;Did Not Play
23/12/2022;DET;0;murrade01;Dejounte Murray;36:35;10;18;.556;3;8;.375;3;4;.750;0;3;3;5;4;0;1;2;26;+19
23/12/2022;DET;1;youngtr01;Trae Young;31:05;9;15;.600;3;7;.429;5;8;.625;0;2;2;13;2;0;1;0;26;+17
23/12/2022;DET;2;collijo01;John Collins;29:10;4;10;.400;0;1;.000;0;0;;3;9;12;3;0;3;0;0;8;+23
23/12/2022;DET;3;huntede01;De'Andre Hunter;26:41;4;10;.400;1;3;.333;0;0;;0;5;5;1;1;0;0;4;9;+10
23/12/2022;DET;4;capelca01;Clint Capela;24:39;4;5;.800;0;0;;2;2;1.000;3;7;10;0;1;2;3;3;10;+13
23/12/2022;DET;5;Reserves;Reserves
23/12/2022;DET;6;bogdabo01;Bogdan Bogdanović;33:55;7;18;.389;3;11;.273;2;2;1.000;0;1;1;2;1;1;0;2;19;+18
23/12/2022;DET;7;okongon01;Onyeka Okongwu;20:44;4;5;.800;0;0;;4;4;1.000;2;7;9;2;0;2;0;5;12;+12
23/12/2022;DET;8;griffaj01;AJ Griffin;20:44;3;6;.500;0;1;.000;2;2;1.000;0;4;4;2;1;0;1;2;8;+12
23/12/2022;DET;9;holidju01;Justin Holiday;3:22;1;1;1.000;1;1;1.000;0;0;;0;1;1;0;0;0;0;0;3;+1
23/12/2022;DET;10;martity01;Tyrese Martin;2:37;1;1;1.000;0;0;;2;2;1.000;0;0;0;0;0;0;1;1;4;0
23/12/2022;DET;11;holidaa01;Aaron Holiday;2:37;1;1;1.000;1;1;1.000;0;0;;0;0;0;1;0;0;0;1;3;0
23/12/2022;DET;12;johnsja05;Jalen Johnson;2:37;1;2;.500;0;1;.000;0;0;;0;1;1;0;0;0;0;0;2;0
23/12/2022;DET;13;kaminfr01;Frank Kaminsky;2:37;0;0;;0;0;;0;0;;0;0;0;1;0;0;1;0;0;0
23/12/2022;DET;14;krejcvi01;Vit Krejci;2:37;0;0;;0;0;;0;0;;0;0;0;0;0;0;0;0;0;0
