dateId;teamId;order;playerId;Starters;MP;FG;FGA;FG%;3P;3PA;3P%;FT;FTA;FT%;ORB;DRB;TRB;AST;STL;BLK;TOV;PF;PTS;+/-
22/03/2023;POR;0;sharpsh01;Shaedon Sharpe;39:46;9;19;.474;4;7;.571;2;3;.667;2;7;9;3;4;0;1;5;24;+28
22/03/2023;POR;1;watfotr01;Trendon Watford;34:36;9;16;.563;1;3;.333;2;2;1.000;1;8;9;5;1;2;1;4;21;+7
22/03/2023;POR;2;lillada01;Damian Lillard;33:37;8;19;.421;2;10;.200;12;14;.857;1;6;7;12;0;0;2;1;30;+18
22/03/2023;POR;3;nurkiju01;Jusuf Nurkić;31:11;7;12;.583;2;5;.400;4;6;.667;0;4;4;4;1;1;0;3;20;+17
22/03/2023;POR;4;thybuma01;Matisse Thybulle;27:33;2;5;.400;1;4;.250;1;2;.500;1;3;4;2;2;1;1;3;6;-2
22/03/2023;POR;5;Reserves;Reserves
22/03/2023;POR;6;knoxke01;Kevin Knox;24:30;4;8;.500;1;4;.250;1;1;1.000;1;4;5;0;0;0;1;3;10;+7
22/03/2023;POR;7;reddica01;Cam Reddish;21:12;4;8;.500;1;4;.250;2;2;1.000;0;2;2;0;1;1;2;1;11;-9
22/03/2023;POR;8;arcidry01;Ryan Arcidiacono;20:13;1;5;.200;1;4;.250;0;0;;0;0;0;2;0;0;0;3;3;+5
22/03/2023;POR;9;eubandr01;Drew Eubanks;5:43;1;1;1.000;0;0;;0;0;;1;2;3;0;0;0;0;0;2;-7
22/03/2023;POR;10;butlejo01;John Butler;1:39;0;0;;0;0;;0;0;;0;0;0;0;0;0;0;1;0;-4
22/03/2023;POR;11;johnske07;Keon Johnson;Did Not Play
22/03/2023;POR;12;walkeja01;Jabari Walker;Did Not Play
22/03/2023;POR;0;markkla01;Lauri Markkanen;33:18;14;23;.609;4;12;.333;8;9;.889;1;11;12;3;0;0;4;2;40;-16
22/03/2023;POR;1;agbajoc01;Ochai Agbaji;32:08;2;7;.286;2;4;.500;1;2;.500;0;3;3;3;1;0;1;3;7;-13
22/03/2023;POR;2;olynyke01;Kelly Olynyk;30:33;2;8;.250;0;4;.000;8;8;1.000;2;8;10;2;2;0;5;3;12;-8
22/03/2023;POR;3;hortota01;Talen Horton-Tucker;25:19;4;9;.444;1;5;.200;2;3;.667;0;4;4;7;0;0;2;4;11;-11
22/03/2023;POR;4;kesslwa01;Walker Kessler;23:44;4;6;.667;0;0;;0;3;.000;2;3;5;1;0;3;0;1;8;-19
22/03/2023;POR;5;Reserves;Reserves
22/03/2023;POR;6;dunnkr01;Kris Dunn;23:05;5;11;.455;0;1;.000;5;7;.714;0;6;6;3;1;0;1;1;15;-9
22/03/2023;POR;7;fontesi01;Simone Fontecchio;19:40;2;7;.286;1;3;.333;0;0;;1;0;1;2;0;0;0;0;5;+3
22/03/2023;POR;8;azubuud01;Udoka Azubuike;14:25;2;3;.667;0;0;;1;2;.500;1;1;2;0;0;2;2;4;5;+7
22/03/2023;POR;9;juzanjo01;Johnny Juzang;13:13;1;2;.500;1;2;.500;0;0;;0;0;0;0;0;0;0;1;3;+1
22/03/2023;POR;10;toscaju01;Juan Toscano-Anderson;11:58;1;1;1.000;0;0;;0;0;;0;2;2;2;0;0;2;2;2;-3
22/03/2023;POR;11;gayru01;Rudy Gay;9:33;2;5;.400;2;4;.500;1;2;.500;0;1;1;1;0;0;0;0;7;+2
22/03/2023;POR;12;brantja01;Jarrell Brantley;1:32;0;0;;0;0;;0;0;;0;0;0;0;0;0;0;0;0;+3
22/03/2023;POR;13;jonesda03;Damian Jones;1:32;0;0;;0;0;;0;0;;0;1;1;0;0;0;0;0;0;+3
