dateId;teamId;order;playerId;Starters;MP;FG;FGA;FG%;3P;3PA;3P%;FT;FTA;FT%;ORB;DRB;TRB;AST;STL;BLK;TOV;PF;PTS;+/-
10/02/2023;OKC;0;gilgesh01;Shai Gilgeous-Alexander;39:20;13;16;.813;0;1;.000;18;19;.947;0;3;3;7;2;1;4;1;44;+22
10/02/2023;OKC;1;willija06;Jalen Williams;32:47;4;10;.400;0;1;.000;5;5;1.000;1;3;4;6;3;0;1;3;13;-1
10/02/2023;OKC;2;giddejo01;Josh Giddey;28:09;7;15;.467;2;3;.667;3;3;1.000;3;3;6;7;0;0;0;4;19;-15
10/02/2023;OKC;3;willike04;Kenrich Williams;27:02;4;9;.444;0;3;.000;0;0;;0;3;3;0;2;0;0;2;8;+2
10/02/2023;OKC;4;wiggiaa01;Aaron Wiggins;20:32;1;5;.200;0;1;.000;0;0;;2;2;4;1;0;0;1;5;2;-10
10/02/2023;OKC;5;Reserves;Reserves
10/02/2023;OKC;6;joeis01;Isaiah Joe;23:09;4;5;.800;4;4;1.000;0;0;;0;3;3;3;0;0;1;1;12;+18
10/02/2023;OKC;7;manntr01;Tre Mann;20:23;3;8;.375;2;4;.500;1;1;1.000;1;0;1;3;1;1;2;0;9;+5
10/02/2023;OKC;8;dortlu01;Luguentz Dort;20:02;6;6;1.000;3;3;1.000;3;5;.600;1;0;1;1;1;1;0;5;18;+30
10/02/2023;OKC;9;willija07;Jaylin Williams;18:09;4;5;.800;1;2;.500;2;2;1.000;1;1;2;1;0;0;0;3;11;+3
10/02/2023;OKC;10;omorueu01;Eugene Omoruyi;7:06;1;2;.500;0;0;;0;0;;1;1;2;0;0;0;1;2;2;-6
10/02/2023;OKC;11;waterli01;Lindy Waters III;3:21;0;2;.000;0;2;.000;0;0;;0;0;0;0;0;0;0;0;0;-3
10/02/2023;OKC;0;simonan01;Anfernee Simons;36:54;3;14;.214;1;8;.125;4;4;1.000;1;2;3;6;1;0;2;2;11;-14
10/02/2023;OKC;1;grantje01;Jerami Grant;36:50;8;13;.615;2;5;.400;5;5;1.000;0;4;4;2;0;1;4;5;23;-7
10/02/2023;OKC;2;lillada01;Damian Lillard;35:55;10;18;.556;6;13;.462;12;13;.923;1;1;2;9;1;0;6;3;38;-21
10/02/2023;OKC;3;eubandr01;Drew Eubanks;28:30;2;2;1.000;0;0;;5;6;.833;2;6;8;2;0;1;2;3;9;+8
10/02/2023;OKC;4;reddica01;Cam Reddish;17:29;4;7;.571;2;5;.400;1;1;1.000;0;2;2;2;0;0;0;3;11;+4
10/02/2023;OKC;5;Reserves;Reserves
10/02/2023;OKC;6;sharpsh01;Shaedon Sharpe;28:35;5;8;.625;3;4;.750;0;0;;1;2;3;3;1;2;0;0;13;-6
10/02/2023;OKC;7;littlna01;Nassir Little;24:38;2;4;.500;2;4;.500;2;2;1.000;2;3;5;1;0;1;3;3;8;-2
10/02/2023;OKC;8;watfotr01;Trendon Watford;16:01;2;2;1.000;0;0;;0;0;;1;1;2;3;0;0;0;5;4;-3
10/02/2023;OKC;9;walkeja01;Jabari Walker;13:27;5;7;.714;0;1;.000;0;0;;1;2;3;1;0;0;1;2;10;-8
10/02/2023;OKC;10;johnske07;Keon Johnson;1:41;1;1;1.000;0;0;;0;0;;0;0;0;0;0;0;0;1;2;+4
10/02/2023;OKC;11;arcidry01;Ryan Arcidiacono;Did Not Play
10/02/2023;OKC;12;butlejo01;John Butler;Did Not Play
