dateId;teamId;order;playerId;Starters;MP;FG;FGA;FG%;3P;3PA;3P%;FT;FTA;FT%;ORB;DRB;TRB;AST;STL;BLK;TOV;PF;PTS;+/-
03/05/2023;PHI;0;harrito02;Tobias Harris;32:31;7;12;.583;2;5;.400;0;0;;2;5;7;0;0;0;0;0;16;-21
03/05/2023;PHI;1;hardeja01;James Harden;32:20;2;14;.143;0;6;.000;8;10;.800;1;9;10;4;0;0;0;2;12;-21
03/05/2023;PHI;2;maxeyty01;Tyrese Maxey;30:12;6;14;.429;1;4;.250;0;0;;0;3;3;3;0;1;1;3;13;-25
03/05/2023;PHI;3;embiijo01;Joel Embiid;26:37;4;9;.444;0;2;.000;7;8;.875;0;3;3;0;0;5;3;2;15;-23
03/05/2023;PHI;4;tuckepj01;P.J. Tucker;21:21;2;3;.667;1;1;1.000;0;0;;0;4;4;0;0;1;1;3;5;-19
03/05/2023;PHI;5;Reserves;Reserves
03/05/2023;PHI;6;meltode01;De'Anthony Melton;17:30;1;5;.200;0;2;.000;0;0;;0;2;2;2;1;0;1;1;2;-12
03/05/2023;PHI;7;reedpa01;Paul Reed;16:23;3;4;.750;0;0;;0;0;;3;5;8;2;0;1;1;2;6;-7
03/05/2023;PHI;8;niangge01;Georges Niang;13:25;1;4;.250;1;2;.500;0;0;;0;0;0;0;0;0;1;1;3;-11
03/05/2023;PHI;9;mcdanja01;Jalen McDaniels;12:39;1;4;.250;1;3;.333;0;0;;0;1;1;0;0;0;0;1;3;-11
03/05/2023;PHI;10;sprinja01;Jaden Springer;10:02;1;1;1.000;0;0;;1;2;.500;0;0;0;0;0;0;1;1;3;-2
03/05/2023;PHI;11;miltosh01;Shake Milton;8:36;2;2;1.000;0;0;;0;0;;0;1;1;2;1;0;0;0;4;-5
03/05/2023;PHI;12;houseda01;Danuel House Jr.;8:24;1;5;.200;0;3;.000;1;1;1.000;0;1;1;0;0;0;0;0;3;-5
03/05/2023;PHI;13;korkmfu01;Furkan Korkmaz;5:00;0;1;.000;0;1;.000;2;2;1.000;0;0;0;0;0;0;1;0;2;-4
03/05/2023;PHI;14;dedmode01;Dewayne Dedmon;5:00;0;1;.000;0;1;.000;0;0;;0;1;1;0;0;0;1;1;0;-4
03/05/2023;PHI;15;harremo01;Montrezl Harrell;Did Not Play
03/05/2023;PHI;0;brownja02;Jaylen Brown;30:04;9;17;.529;3;6;.500;4;4;1.000;0;3;3;4;2;0;1;1;25;+18
03/05/2023;PHI;1;whitede01;Derrick White;29:53;5;9;.556;3;6;.500;2;2;1.000;1;0;1;1;0;0;0;1;15;+23
03/05/2023;PHI;2;smartma01;Marcus Smart;27:00;7;14;.500;1;4;.250;0;0;;1;4;5;2;0;1;1;0;15;+17
03/05/2023;PHI;3;horfoal01;Al Horford;23:37;2;10;.200;1;8;.125;0;0;;1;6;7;2;1;2;0;2;5;+19
03/05/2023;PHI;4;tatumja01;Jayson Tatum;19:20;1;7;.143;0;3;.000;5;5;1.000;0;7;7;3;0;1;2;4;7;+24
03/05/2023;PHI;5;Reserves;Reserves
03/05/2023;PHI;6;willigr01;Grant Williams;28:57;4;8;.500;4;8;.500;0;0;;1;3;4;4;1;0;0;2;12;+22
03/05/2023;PHI;7;brogdma01;Malcolm Brogdon;24:10;7;15;.467;6;10;.600;3;4;.750;0;6;6;2;0;1;0;2;23;+11
03/05/2023;PHI;8;williro04;Robert Williams;21:35;1;1;1.000;0;0;;0;0;;3;4;7;4;0;3;0;1;2;+12
03/05/2023;PHI;9;pritcpa01;Payton Pritchard;12:00;3;3;1.000;1;1;1.000;1;1;1.000;0;2;2;3;1;0;2;1;8;+7
03/05/2023;PHI;10;hausesa01;Sam Hauser;8:24;0;2;.000;0;2;.000;0;0;;0;0;0;0;1;0;0;1;0;+5
03/05/2023;PHI;11;kornelu01;Luke Kornet;5:00;3;3;1.000;0;0;;0;0;;1;3;4;0;0;0;0;0;6;+4
03/05/2023;PHI;12;muscami01;Mike Muscala;5:00;1;1;1.000;1;1;1.000;0;0;;0;0;0;1;0;0;0;1;3;+4
03/05/2023;PHI;13;champju01;Justin Champagnie;5:00;0;2;.000;0;2;.000;0;0;;0;0;0;0;0;0;0;1;0;+4
03/05/2023;PHI;14;griffbl01;Blake Griffin;Did Not Play
