dateId;teamId;order;playerId;Starters;MP;FG;FGA;FG%;3P;3PA;3P%;FT;FTA;FT%;ORB;DRB;TRB;AST;STL;BLK;TOV;PF;PTS;+/-
21/03/2023;SAS;0;jonestr01;Tre Jones;32:01;7;13;.538;1;3;.333;0;1;.000;1;4;5;8;1;0;2;1;15;-16
21/03/2023;SAS;1;branhma01;Malaki Branham;26:40;2;11;.182;1;7;.143;0;0;;1;3;4;1;0;0;1;1;5;-13
21/03/2023;SAS;2;mamuksa01;Sandro Mamukelashvili;25:20;7;14;.500;3;6;.500;3;3;1.000;1;4;5;3;3;0;2;1;20;-11
21/03/2023;SAS;3;langfro01;Romeo Langford;21:09;0;6;.000;0;2;.000;0;0;;2;0;2;2;1;0;1;3;0;-4
21/03/2023;SAS;4;bateske01;Keita Bates-Diop;18:21;3;3;1.000;2;2;1.000;4;6;.667;1;2;3;1;0;0;0;0;12;-10
21/03/2023;SAS;5;Reserves;Reserves
21/03/2023;SAS;6;grahade01;Devonte' Graham;24:03;4;12;.333;3;9;.333;4;7;.571;1;1;2;1;0;0;2;2;15;-28
21/03/2023;SAS;7;mcderdo01;Doug McDermott;20:27;2;5;.400;1;4;.250;0;0;;1;2;3;1;0;0;1;1;5;-14
21/03/2023;SAS;8;barlodo01;Dominick Barlow;19:21;0;5;.000;0;0;;0;2;.000;1;2;3;1;0;2;1;2;0;-23
21/03/2023;SAS;9;weslebl01;Blake Wesley;18:35;1;7;.143;0;1;.000;0;0;;0;0;0;3;3;0;3;1;2;-23
21/03/2023;SAS;10;champju02;Julian Champagnie;18:20;2;5;.400;2;5;.400;0;0;;0;6;6;0;0;1;1;3;6;-21
21/03/2023;SAS;11;dienggo01;Gorgui Dieng;15:43;2;6;.333;0;2;.000;0;0;;1;3;4;1;0;0;0;4;4;-12
21/03/2023;SAS;12;johnske04;Keldon Johnson;Did Not Play
21/03/2023;SAS;0;ingrabr01;Brandon Ingram;31:15;10;16;.625;2;2;1.000;10;10;1.000;0;4;4;7;0;1;5;2;32;+25
21/03/2023;SAS;1;murphtr02;Trey Murphy III;30:56;6;12;.500;3;9;.333;2;2;1.000;0;3;3;0;0;1;0;1;17;+11
21/03/2023;SAS;2;mccolcj01;CJ McCollum;30:09;6;14;.429;1;3;.333;2;2;1.000;0;8;8;4;2;0;1;3;15;+14
21/03/2023;SAS;3;valanjo01;Jonas Valančiūnas;27:49;8;10;.800;1;1;1.000;2;2;1.000;2;13;15;5;0;0;5;3;19;+11
21/03/2023;SAS;4;joneshe01;Herbert Jones;24:58;2;4;.500;0;2;.000;0;2;.000;0;2;2;4;1;0;2;3;4;+19
21/03/2023;SAS;5;Reserves;Reserves
21/03/2023;SAS;6;richajo01;Josh Richardson;24:55;4;7;.571;2;3;.667;0;0;;1;2;3;2;1;0;0;0;10;+33
21/03/2023;SAS;7;marshna01;Naji Marshall;18:31;4;8;.500;0;2;.000;0;0;;1;1;2;2;0;0;1;3;8;+12
21/03/2023;SAS;8;daniedy01;Dyson Daniels;17:51;0;2;.000;0;1;.000;1;2;.500;0;3;3;3;1;0;1;3;1;+21
21/03/2023;SAS;9;nancela02;Larry Nance Jr.;15:23;1;1;1.000;0;0;;2;2;1.000;0;5;5;2;1;0;0;1;4;+21
21/03/2023;SAS;10;hernawi01;Willy Hernangómez;4:48;3;4;.750;1;1;1.000;0;1;.000;0;3;3;0;2;0;0;0;7;+3
21/03/2023;SAS;11;hayesja02;Jaxson Hayes;4:48;0;2;.000;0;0;;0;0;;1;0;1;0;0;0;0;0;0;+3
21/03/2023;SAS;12;templga01;Garrett Temple;4:48;0;0;;0;0;;0;0;;0;0;0;1;0;0;1;0;0;+3
21/03/2023;SAS;13;lewiski01;Kira Lewis Jr.;3:49;1;1;1.000;0;0;;0;0;;0;0;0;1;0;0;0;0;2;-1
