dateId;teamId;order;playerId;Starters;MP;FG;FGA;FG%;3P;3PA;3P%;FT;FTA;FT%;ORB;DRB;TRB;AST;STL;BLK;TOV;PF;PTS;+/-
26/11/2022;OKC;0;willija06;Jalen Williams;29:09;4;12;.333;0;2;.000;3;3;1.000;3;2;5;4;0;0;3;1;11;-16
26/11/2022;OKC;1;giddejo01;Josh Giddey;28:03;7;14;.500;0;1;.000;4;7;.571;3;2;5;2;1;0;4;4;18;-26
26/11/2022;OKC;2;gilgesh01;Shai Gilgeous-Alexander;27:31;12;21;.571;1;3;.333;7;7;1.000;1;2;3;3;2;0;3;1;32;-9
26/11/2022;OKC;3;dortlu01;Luguentz Dort;13:51;1;4;.250;1;4;.250;0;0;;1;2;3;2;1;0;0;1;3;-2
26/11/2022;OKC;4;pokusal01;Aleksej Pokusevski;8:33;0;2;.000;0;1;.000;0;0;;1;2;3;0;0;0;0;1;0;-17
26/11/2022;OKC;5;Reserves;Reserves
26/11/2022;OKC;6;manntr01;Tre Mann;24:59;1;11;.091;0;9;.000;0;0;;0;5;5;0;2;0;2;3;2;+10
26/11/2022;OKC;7;robinje02;Jeremiah Robinson-Earl;23:39;3;7;.429;1;4;.250;2;3;.667;4;1;5;2;0;1;0;0;9;+13
26/11/2022;OKC;8;wiggiaa01;Aaron Wiggins;22:40;5;10;.500;3;6;.500;2;2;1.000;1;1;2;0;3;0;0;1;15;-2
26/11/2022;OKC;9;diengou01;Ousmane Dieng;21:09;0;4;.000;0;4;.000;0;0;;1;2;3;2;0;0;1;0;0;-6
26/11/2022;OKC;10;willike04;Kenrich Williams;16:10;3;4;.750;2;3;.667;1;1;1.000;1;3;4;0;1;1;0;2;9;-2
26/11/2022;OKC;11;joeis01;Isaiah Joe;13:42;2;8;.250;2;7;.286;0;0;;0;3;3;3;2;0;0;0;6;+2
26/11/2022;OKC;12;bazleda01;Darius Bazley;10:34;0;0;;0;0;;0;0;;0;0;0;1;0;1;2;1;0;-10
26/11/2022;OKC;0;sengual01;Alperen Şengün;34:42;10;17;.588;0;1;.000;1;1;1.000;6;13;19;7;3;2;3;6;21;+17
26/11/2022;OKC;1;greenja05;Jalen Green;34:22;11;19;.579;6;9;.667;0;0;;0;2;2;9;0;0;4;1;28;+17
26/11/2022;OKC;2;porteke02;Kevin Porter Jr.;33:20;6;13;.462;1;5;.200;3;5;.600;0;3;3;6;1;0;5;2;16;+17
26/11/2022;OKC;3;smithja05;Jabari Smith Jr.;31:25;5;11;.455;3;8;.375;2;2;1.000;2;11;13;0;0;1;1;1;15;+23
26/11/2022;OKC;4;gordoer01;Eric Gordon;27:03;5;7;.714;4;6;.667;1;1;1.000;0;0;0;2;1;0;3;1;15;+17
26/11/2022;OKC;5;Reserves;Reserves
26/11/2022;OKC;6;mathega01;Garrison Mathews;18:00;3;4;.750;3;4;.750;2;3;.667;0;2;2;0;0;0;0;3;11;+2
26/11/2022;OKC;7;easonta01;Tari Eason;16:35;3;8;.375;1;1;1.000;0;0;;1;5;6;0;2;0;2;2;7;-10
26/11/2022;OKC;8;nixda01;Daishen Nix;14:40;0;0;;0;0;;0;0;;0;1;1;0;1;0;2;0;0;-4
26/11/2022;OKC;9;martike04;Kenyon Martin Jr.;14:10;1;5;.200;0;2;.000;1;2;.500;1;4;5;1;0;0;2;0;3;-1
26/11/2022;OKC;10;garubus01;Usman Garuba;13:18;0;0;;0;0;;0;0;;1;1;2;0;1;0;1;2;0;-4
26/11/2022;OKC;11;chrisjo01;Josh Christopher;2:25;1;2;.500;0;0;;0;0;;0;0;0;0;0;0;1;1;2;-9
26/11/2022;OKC;12;marjabo01;Boban Marjanović;Did Not Play
