dateId;teamId;order;playerId;Starters;MP;FG;FGA;FG%;3P;3PA;3P%;FT;FTA;FT%;ORB;DRB;TRB;AST;STL;BLK;TOV;PF;PTS;+/-
09/12/2022;DET;0;stewais01;Isaiah Stewart;28:23;5;9;.556;3;6;.500;0;0;;2;5;7;0;0;2;3;4;13;-12
09/12/2022;DET;1;durenja01;Jalen Duren;27:32;5;7;.714;0;0;;0;0;;2;10;12;0;0;0;1;3;10;-12
09/12/2022;DET;2;iveyja01;Jaden Ivey;27:26;4;14;.286;1;5;.200;1;2;.500;0;4;4;5;1;0;5;3;10;-9
09/12/2022;DET;3;bogdabo02;Bojan Bogdanović;22:12;6;15;.400;2;6;.333;5;5;1.000;3;1;4;0;0;0;2;1;19;-19
09/12/2022;DET;4;hayeski01;Killian Hayes;18:34;2;8;.250;0;3;.000;1;1;1.000;1;0;1;5;2;0;3;5;5;-14
09/12/2022;DET;5;Reserves;Reserves
09/12/2022;DET;6;beysa01;Saddiq Bey;28:47;2;10;.200;1;4;.250;5;6;.833;0;2;2;3;1;0;1;3;10;+11
09/12/2022;DET;7;baglema01;Marvin Bagley III;20:28;6;12;.500;0;2;.000;2;5;.400;4;5;9;1;0;4;3;3;14;+1
09/12/2022;DET;8;josepco01;Cory Joseph;17:27;0;2;.000;0;2;.000;1;2;.500;0;2;2;5;0;1;1;0;1;-1
09/12/2022;DET;9;burksal01;Alec Burks;17:13;2;5;.400;1;2;.500;1;2;.500;0;0;0;4;2;0;0;2;6;0
09/12/2022;DET;10;knoxke01;Kevin Knox;16:38;4;5;.800;3;3;1.000;2;2;1.000;1;3;4;0;0;0;0;4;13;-2
09/12/2022;DET;11;mcgruro01;Rodney McGruder;15:20;0;3;.000;0;2;.000;2;2;1.000;0;2;2;0;0;0;0;1;2;+2
09/12/2022;DET;12;diallha01;Hamidou Diallo;Did Not Play
09/12/2022;DET;13;noelne01;Nerlens Noel;Did Not Play
09/12/2022;DET;0;moranja01;Ja Morant;32:32;6;20;.300;0;7;.000;3;5;.600;1;5;6;12;3;1;4;3;15;+22
09/12/2022;DET;1;brookdi01;Dillon Brooks;31:33;6;14;.429;1;5;.200;3;4;.750;1;0;1;4;0;0;1;3;16;+9
09/12/2022;DET;2;jacksja02;Jaren Jackson Jr.;29:37;8;12;.667;3;5;.600;1;4;.250;1;4;5;0;2;4;2;3;20;+7
09/12/2022;DET;3;konchjo01;John Konchar;24:53;4;8;.500;0;2;.000;0;0;;0;4;4;1;1;0;0;2;8;+19
09/12/2022;DET;4;adamsst01;Steven Adams;23:00;5;8;.625;0;0;;0;2;.000;3;5;8;4;1;1;2;1;10;+17
09/12/2022;DET;5;Reserves;Reserves
09/12/2022;DET;6;clarkbr01;Brandon Clarke;23:57;7;8;.875;0;0;;3;7;.429;2;5;7;2;1;0;1;4;17;-4
09/12/2022;DET;7;jonesty01;Tyus Jones;22:20;4;11;.364;2;6;.333;0;0;;1;5;6;7;1;0;1;0;10;-7
09/12/2022;DET;8;aldamsa01;Santi Aldama;18:23;2;4;.500;2;3;.667;3;4;.750;2;3;5;0;2;0;0;1;9;+4
09/12/2022;DET;9;willizi02;Ziaire Williams;16:30;1;3;.333;0;2;.000;0;0;;0;4;4;0;0;0;2;0;2;-12
09/12/2022;DET;10;roddyda01;David Roddy;15:09;1;3;.333;1;2;.500;4;6;.667;1;0;1;0;0;2;1;2;7;+4
09/12/2022;DET;11;chandke01;Kennedy Chandler;1:03;0;0;;0;0;;0;0;;0;1;1;0;0;0;0;0;0;-2
09/12/2022;DET;12;tillmxa01;Xavier Tillman Sr.;1:03;0;0;;0;0;;0;0;;0;0;0;0;0;0;0;0;0;-2
