dateId;teamId;order;playerId;Starters;MP;FG;FGA;FG%;3P;3PA;3P%;FT;FTA;FT%;ORB;DRB;TRB;AST;STL;BLK;TOV;PF;PTS;+/-
16/03/2023;IND;0;hieldbu01;Buddy Hield;33:54;8;11;.727;3;5;.600;1;1;1.000;0;4;4;6;2;0;0;2;20;+4
16/03/2023;IND;1;nworajo01;Jordan Nwora;33:14;5;11;.455;2;3;.667;0;0;;1;8;9;4;1;1;4;1;12;+7
16/03/2023;IND;2;nesmiaa01;Aaron Nesmith;31:08;8;11;.727;6;9;.667;0;0;;2;3;5;0;0;1;0;3;22;0
16/03/2023;IND;3;nembhan01;Andrew Nembhard;27:46;10;21;.476;4;9;.444;0;2;.000;1;0;1;5;0;0;0;2;24;-8
16/03/2023;IND;4;turnemy01;Myles Turner;25:10;4;11;.364;2;7;.286;1;2;.500;2;6;8;3;0;0;1;4;11;-8
16/03/2023;IND;5;Reserves;Reserves
16/03/2023;IND;6;mccontj01;T.J. McConnell;29:52;9;12;.750;1;2;.500;0;0;;0;3;3;12;1;0;3;3;19;+36
16/03/2023;IND;7;hillge01;George Hill;23:17;5;6;.833;3;4;.750;2;2;1.000;0;2;2;2;1;1;0;2;15;+26
16/03/2023;IND;8;smithja04;Jalen Smith;22:50;4;9;.444;1;4;.250;5;6;.833;2;5;7;4;0;0;0;2;14;+24
16/03/2023;IND;9;brissos01;Oshae Brissett;11:17;1;5;.200;0;3;.000;0;2;.000;0;2;2;0;0;0;0;1;2;+1
16/03/2023;IND;10;jacksis01;Isaiah Jackson;1:32;0;0;;0;0;;0;0;;0;1;1;0;0;0;0;0;0;-2
16/03/2023;IND;11;johnsja01;James Johnson;Did Not Play
16/03/2023;IND;12;theisda01;Daniel Theis;Did Not Play
16/03/2023;IND;0;portibo01;Bobby Portis;33:05;6;11;.545;0;3;.000;4;4;1.000;2;7;9;0;0;2;1;2;16;+5
16/03/2023;IND;1;middlkh01;Khris Middleton;32:36;6;15;.400;0;5;.000;4;4;1.000;0;1;1;7;0;1;1;2;16;0
16/03/2023;IND;2;holidjr01;Jrue Holiday;32:13;8;12;.667;2;4;.500;1;2;.500;2;5;7;11;1;1;2;2;19;+2
16/03/2023;IND;3;connapa01;Pat Connaughton;30:50;4;10;.400;1;6;.167;1;2;.500;2;4;6;1;3;0;0;0;10;-12
16/03/2023;IND;4;antetgi01;Giannis Antetokounmpo;26:34;10;17;.588;0;0;;5;10;.500;3;6;9;5;1;0;3;5;25;-10
16/03/2023;IND;5;Reserves;Reserves
16/03/2023;IND;6;inglejo01;Joe Ingles;27:48;4;5;.800;4;5;.800;2;2;1.000;0;5;5;0;0;0;2;1;14;-20
16/03/2023;IND;7;leoname01;Meyers Leonard;16:19;4;4;1.000;1;1;1.000;1;2;.500;0;3;3;0;0;0;0;1;10;-4
16/03/2023;IND;8;carteje01;Jevon Carter;15:01;1;5;.200;1;2;.500;0;0;;0;1;1;1;0;0;1;0;3;-18
16/03/2023;IND;9;matthwe02;Wesley Matthews;13:19;3;5;.600;2;4;.500;0;0;;0;1;1;1;0;0;1;3;8;-18
16/03/2023;IND;10;greenaj01;A.J. Green;7:49;0;1;.000;0;1;.000;0;0;;0;2;2;0;0;0;1;0;0;-5
16/03/2023;IND;11;wiggili01;Lindell Wigginton;2:13;1;3;.333;0;1;.000;0;0;;0;0;0;0;0;0;0;0;2;0
16/03/2023;IND;12;beaucma01;MarJon Beauchamp;2:13;0;1;.000;0;0;;0;0;;0;0;0;0;0;0;0;0;0;0
