dateId;teamId;order;playerId;Starters;MP;FG;FGA;FG%;3P;3PA;3P%;FT;FTA;FT%;ORB;DRB;TRB;AST;STL;BLK;TOV;PF;PTS;+/-
18/11/2022;NYK;0;barrerj01;RJ Barrett;39:40;6;19;.316;1;6;.167;5;5;1.000;0;4;4;5;0;0;3;2;18;-10
18/11/2022;NYK;1;brunsja01;Jalen Brunson;31:41;2;13;.154;1;5;.200;8;8;1.000;0;5;5;4;2;0;2;1;13;-5
18/11/2022;NYK;2;randlju01;Julius Randle;30:15;7;15;.467;3;7;.429;3;4;.750;4;3;7;2;0;0;4;3;20;-17
18/11/2022;NYK;3;reddica01;Cam Reddish;25:23;3;8;.375;1;4;.250;4;4;1.000;2;0;2;1;2;0;0;1;11;-12
18/11/2022;NYK;4;harteis01;Isaiah Hartenstein;17:24;3;4;.750;1;1;1.000;1;1;1.000;2;3;5;0;1;1;1;3;8;-9
18/11/2022;NYK;5;Reserves;Reserves
18/11/2022;NYK;6;simsje01;Jericho Sims;27:15;4;7;.571;0;0;;2;2;1.000;5;5;10;0;0;3;2;3;10;+3
18/11/2022;NYK;7;quickim01;Immanuel Quickley;26:43;0;5;.000;0;3;.000;6;6;1.000;0;6;6;1;2;0;3;0;6;-8
18/11/2022;NYK;8;toppiob01;Obi Toppin;18:59;0;5;.000;0;3;.000;1;2;.500;0;5;5;0;0;1;1;3;1;-2
18/11/2022;NYK;9;rosede01;Derrick Rose;13:48;3;7;.429;1;3;.333;2;2;1.000;0;0;0;2;0;2;0;0;9;-10
18/11/2022;NYK;10;mcbrimi01;Miles McBride;2:31;1;3;.333;0;1;.000;0;0;;0;1;1;1;0;0;0;0;2;+5
18/11/2022;NYK;11;grimequ01;Quentin Grimes;2:07;1;1;1.000;1;1;1.000;0;0;;0;0;0;0;0;0;0;0;3;+5
18/11/2022;NYK;12;arcidry01;Ryan Arcidiacono;2:07;0;0;;0;0;;0;0;;0;0;0;0;1;0;0;0;0;+5
18/11/2022;NYK;13;mykhasv01;Svi Mykhailiuk;2:07;0;0;;0;0;;0;0;;0;0;0;0;0;0;0;0;0;+5
18/11/2022;NYK;14;fournev01;Evan Fournier;Did Not Play
18/11/2022;NYK;0;curryst01;Stephen Curry;33:50;9;19;.474;5;13;.385;1;3;.333;0;6;6;10;2;0;5;2;24;+18
18/11/2022;NYK;1;greendr01;Draymond Green;31:55;3;4;.750;1;1;1.000;3;4;.750;0;9;9;7;0;2;2;5;10;+24
18/11/2022;NYK;2;thompkl01;Klay Thompson;31:24;8;16;.500;4;10;.400;0;0;;1;2;3;2;0;0;1;2;20;+18
18/11/2022;NYK;3;wiggian01;Andrew Wiggins;30:18;8;15;.533;3;8;.375;1;4;.250;3;4;7;2;0;0;1;4;20;+20
18/11/2022;NYK;4;looneke01;Kevon Looney;23:51;1;2;.500;0;0;;3;4;.750;3;5;8;3;1;0;0;4;5;+20
18/11/2022;NYK;5;Reserves;Reserves
18/11/2022;NYK;6;poolejo01;Jordan Poole;26:09;5;17;.294;3;8;.375;0;0;;1;2;3;4;0;1;3;3;13;-15
18/11/2022;NYK;7;divindo01;Donte DiVincenzo;19:46;2;5;.400;2;5;.400;0;0;;1;4;5;1;1;0;1;1;6;-11
18/11/2022;NYK;8;greenja01;JaMychal Green;16:51;5;8;.625;0;1;.000;2;3;.667;1;2;3;2;1;0;1;2;12;+8
18/11/2022;NYK;9;lamban01;Anthony Lamb;14:23;0;3;.000;0;3;.000;0;0;;1;1;2;1;2;0;2;3;0;-17
18/11/2022;NYK;10;kuminjo01;Jonathan Kuminga;8:54;0;2;.000;0;1;.000;1;2;.500;1;4;5;0;1;0;0;0;1;-7
18/11/2022;NYK;11;moodymo01;Moses Moody;2:39;0;0;;0;0;;0;0;;0;0;0;0;0;0;0;0;0;-8
