dateId;teamId;order;playerId;Starters;MP;FG;FGA;FG%;3P;3PA;3P%;FT;FTA;FT%;ORB;DRB;TRB;AST;STL;BLK;TOV;PF;PTS;+/-
10/01/2023;DET;0;beysa01;Saddiq Bey;34:03;4;14;.286;0;6;.000;9;9;1.000;0;4;4;2;0;1;0;3;17;-22
10/01/2023;DET;1;knoxke01;Kevin Knox;32:32;5;11;.455;2;6;.333;1;2;.500;0;2;2;1;0;0;0;3;13;-35
10/01/2023;DET;2;hayeski01;Killian Hayes;25:10;2;11;.182;1;3;.333;0;1;.000;0;1;1;6;2;0;1;2;5;-27
10/01/2023;DET;3;iveyja01;Jaden Ivey;24:03;4;8;.500;3;5;.600;6;6;1.000;0;2;2;4;1;0;4;2;17;-32
10/01/2023;DET;4;noelne01;Nerlens Noel;20:39;2;5;.400;1;2;.500;0;0;;0;5;5;1;1;3;1;3;5;-22
10/01/2023;DET;5;Reserves;Reserves
10/01/2023;DET;6;diallha01;Hamidou Diallo;25:26;6;9;.667;0;0;;2;4;.500;3;5;8;1;2;0;1;0;14;-6
10/01/2023;DET;7;mcgruro01;Rodney McGruder;23:43;5;8;.625;5;6;.833;2;3;.667;0;0;0;0;1;0;1;3;17;-2
10/01/2023;DET;8;josepco01;Cory Joseph;21:53;2;7;.286;1;5;.200;5;6;.833;0;1;1;8;1;0;0;2;10;-1
10/01/2023;DET;9;burksal01;Alec Burks;20:31;5;13;.385;1;5;.200;5;5;1.000;0;2;2;0;1;1;3;1;16;-9
10/01/2023;DET;10;rhodeja01;Jared Rhoden;12:00;1;3;.333;0;1;.000;0;0;;0;1;1;0;0;0;0;3;2;+1
10/01/2023;DET;11;liveris01;Isaiah Livers;Did Not Play
10/01/2023;DET;12;stewais01;Isaiah Stewart;Did Not Play
10/01/2023;DET;0;harrito02;Tobias Harris;26:42;6;6;1.000;2;2;1.000;0;0;;0;6;6;3;0;0;2;0;14;+40
10/01/2023;DET;1;hardeja01;James Harden;26:02;6;7;.857;2;3;.667;2;3;.667;1;11;12;15;2;0;3;1;16;+35
10/01/2023;DET;2;embiijo01;Joel Embiid;23:56;12;20;.600;1;3;.333;11;11;1.000;2;9;11;1;0;2;3;3;36;+36
10/01/2023;DET;3;maxeyty01;Tyrese Maxey;23:15;6;11;.545;1;4;.250;3;3;1.000;0;1;1;2;1;0;1;3;16;+31
10/01/2023;DET;4;tuckepj01;P.J. Tucker;21:25;2;7;.286;2;5;.400;0;0;;4;4;8;1;0;0;0;2;6;+35
10/01/2023;DET;5;Reserves;Reserves
10/01/2023;DET;6;miltosh01;Shake Milton;23:48;4;6;.667;0;1;.000;3;3;1.000;0;1;1;7;0;2;1;4;11;+1
10/01/2023;DET;7;meltode01;De'Anthony Melton;17:55;4;10;.400;1;7;.143;0;0;;0;5;5;2;2;0;2;4;9;+4
10/01/2023;DET;8;harremo01;Montrezl Harrell;13:39;3;3;1.000;0;0;;2;2;1.000;0;0;0;2;0;0;3;3;8;-7
10/01/2023;DET;9;korkmfu01;Furkan Korkmaz;12:00;1;4;.250;1;1;1.000;1;2;.500;0;0;0;0;0;0;0;1;4;-1
10/01/2023;DET;10;houseda01;Danuel House Jr.;11:23;2;4;.500;1;3;.333;2;2;1.000;0;2;2;0;0;0;0;1;7;-1
10/01/2023;DET;11;niangge01;Georges Niang;11:10;0;1;.000;0;1;.000;0;0;;0;3;3;0;0;0;2;1;0;-10
10/01/2023;DET;12;reedpa01;Paul Reed;10:25;2;2;1.000;0;0;;2;2;1.000;0;3;3;1;0;3;1;2;6;+2
10/01/2023;DET;13;thybuma01;Matisse Thybulle;9:37;2;4;.500;0;1;.000;0;0;;1;0;1;1;1;1;0;2;4;-16
10/01/2023;DET;14;sprinja01;Jaden Springer;8:43;4;4;1.000;0;0;;2;2;1.000;2;0;2;1;1;0;0;2;10;+6
