dateId;teamId;order;playerId;Starters;MP;FG;FGA;FG%;3P;3PA;3P%;FT;FTA;FT%;ORB;DRB;TRB;AST;STL;BLK;TOV;PF;PTS;+/-
19/12/2022;UTA;0;clarkjo01;Jordan Clarkson;32:10;8;21;.381;3;6;.500;4;4;1.000;1;1;2;0;1;0;3;2;23;-17
19/12/2022;UTA;1;markkla01;Lauri Markkanen;31:54;7;12;.583;3;6;.500;7;10;.700;1;5;6;1;2;0;2;2;24;-21
19/12/2022;UTA;2;conlemi01;Mike Conley;28:23;3;8;.375;1;3;.333;0;0;;1;1;2;9;2;0;3;2;7;-10
19/12/2022;UTA;3;kesslwa01;Walker Kessler;25:29;5;5;1.000;0;0;;1;4;.250;2;4;6;1;1;2;1;5;11;-9
19/12/2022;UTA;4;vandeja01;Jarred Vanderbilt;23:51;3;7;.429;0;1;.000;1;1;1.000;3;3;6;0;0;0;3;2;7;-12
19/12/2022;UTA;5;Reserves;Reserves
19/12/2022;UTA;6;beaslma01;Malik Beasley;23:02;1;10;.100;1;9;.111;0;0;;1;2;3;2;0;0;0;2;3;-10
19/12/2022;UTA;7;alexani01;Nickeil Alexander-Walker;19:07;2;7;.286;0;1;.000;0;0;;1;1;2;3;0;0;0;3;4;-13
19/12/2022;UTA;8;hortota01;Talen Horton-Tucker;14:31;2;7;.286;0;2;.000;2;2;1.000;1;0;1;0;1;0;2;1;6;-11
19/12/2022;UTA;9;gayru01;Rudy Gay;12:29;1;3;.333;1;2;.500;2;2;1.000;1;1;2;1;0;0;0;1;5;0
19/12/2022;UTA;10;fontesi01;Simone Fontecchio;10:19;1;4;.250;1;3;.333;0;0;;0;0;0;0;1;0;0;0;3;-6
19/12/2022;UTA;11;azubuud01;Udoka Azubuike;6:15;2;3;.667;0;0;;0;0;;2;2;4;1;0;0;0;1;4;-2
19/12/2022;UTA;12;bolmale01;Leandro Bolmaro;6:15;1;4;.250;0;0;;0;0;;1;0;1;0;1;0;0;0;2;-2
19/12/2022;UTA;13;agbajoc01;Ochai Agbaji;6:15;0;2;.000;0;1;.000;0;0;;0;0;0;1;0;0;0;1;0;-2
19/12/2022;UTA;14;pottemi01;Micah Potter;Did Not Play
19/12/2022;UTA;0;mobleev01;Evan Mobley;30:39;4;6;.667;0;1;.000;4;6;.667;0;8;8;3;0;0;1;2;12;+18
19/12/2022;UTA;1;garlada01;Darius Garland;30:06;7;11;.636;2;4;.500;1;1;1.000;0;1;1;8;0;0;6;2;17;+25
19/12/2022;UTA;2;allenja01;Jarrett Allen;30:05;7;11;.636;0;0;;6;6;1.000;2;9;11;2;2;3;3;3;20;+18
19/12/2022;UTA;3;okorois01;Isaac Okoro;30:03;4;8;.500;1;4;.250;3;4;.750;1;1;2;4;1;0;1;2;12;+10
19/12/2022;UTA;4;mitchdo01;Donovan Mitchell;22:38;8;12;.667;4;5;.800;3;3;1.000;0;2;2;1;0;0;1;4;23;+8
19/12/2022;UTA;5;Reserves;Reserves
19/12/2022;UTA;6;leverca01;Caris LeVert;31:13;4;8;.500;2;3;.667;3;4;.750;1;3;4;1;0;0;2;1;13;+9
19/12/2022;UTA;7;osmande01;Cedi Osman;24:15;8;10;.800;5;6;.833;1;2;.500;0;2;2;1;1;0;2;0;22;+15
19/12/2022;UTA;8;loveke01;Kevin Love;24:05;1;3;.333;1;3;.333;0;0;;0;10;10;3;0;1;2;2;3;+9
19/12/2022;UTA;9;netora01;Raul Neto;12:00;0;0;;0;0;;0;0;;0;2;2;1;1;0;2;3;0;+4
19/12/2022;UTA;10;lopezro01;Robin Lopez;4:56;0;1;.000;0;0;;0;0;;0;3;3;0;0;0;1;1;0;-1
19/12/2022;UTA;11;stevela01;Lamar Stevens;Did Not Dress
