dateId;teamId;order;playerId;Starters;MP;FG;FGA;FG%;3P;3PA;3P%;FT;FTA;FT%;ORB;DRB;TRB;AST;STL;BLK;TOV;PF;PTS;+/-
17/12/2022;MEM;0;brookdi01;Dillon Brooks;37:04;10;24;.417;6;15;.400;6;7;.857;2;2;4;1;0;1;1;4;32;-4
17/12/2022;MEM;1;adamsst01;Steven Adams;28:38;3;5;.600;0;0;;3;5;.600;2;5;7;2;2;2;2;6;9;+7
17/12/2022;MEM;2;jacksja02;Jaren Jackson Jr.;28:24;3;8;.375;2;6;.333;8;10;.800;3;5;8;1;0;0;1;1;16;-3
17/12/2022;MEM;3;konchjo01;John Konchar;23:19;1;4;.250;1;3;.333;0;0;;0;4;4;3;0;0;0;1;3;+9
17/12/2022;MEM;4;moranja01;Ja Morant;16:01;3;10;.300;0;3;.000;0;1;.000;0;5;5;2;0;0;2;1;6;-10
17/12/2022;MEM;5;Reserves;Reserves
17/12/2022;MEM;6;jonesty01;Tyus Jones;33:33;5;14;.357;2;9;.222;3;4;.750;0;1;1;2;2;0;1;1;15;-2
17/12/2022;MEM;7;clarkbr01;Brandon Clarke;19:22;3;4;.750;0;0;;4;4;1.000;0;8;8;1;0;1;1;2;10;-13
17/12/2022;MEM;8;roddyda01;David Roddy;19:15;3;11;.273;1;6;.167;0;1;.000;1;6;7;1;1;0;1;1;7;-8
17/12/2022;MEM;9;aldamsa01;Santi Aldama;16:41;1;5;.200;0;2;.000;5;5;1.000;1;4;5;1;0;1;0;1;7;0
17/12/2022;MEM;10;willizi02;Ziaire Williams;13:09;1;3;.333;0;1;.000;0;0;;0;3;3;1;0;0;0;2;2;-8
17/12/2022;MEM;11;chandke01;Kennedy Chandler;4:34;1;2;.500;0;0;;0;0;;1;0;1;0;0;0;0;0;2;+2
17/12/2022;MEM;12;tillmxa01;Xavier Tillman Sr.;Did Not Play
17/12/2022;MEM;0;dortlu01;Luguentz Dort;30:49;8;14;.571;3;4;.750;5;8;.625;1;6;7;4;1;0;1;3;24;-5
17/12/2022;MEM;1;willija06;Jalen Williams;29:36;0;8;.000;0;2;.000;1;2;.500;0;2;2;6;1;0;2;1;1;-7
17/12/2022;MEM;2;joeis01;Isaiah Joe;26:24;7;12;.583;5;8;.625;4;5;.800;0;3;3;0;1;0;2;4;23;-3
17/12/2022;MEM;3;pokusal01;Aleksej Pokusevski;22:08;3;10;.300;2;5;.400;1;2;.500;1;5;6;4;0;0;0;4;9;+3
17/12/2022;MEM;4;omorueu01;Eugene Omoruyi;16:04;2;9;.222;0;3;.000;3;4;.750;3;3;6;2;1;0;0;3;7;+2
17/12/2022;MEM;5;Reserves;Reserves
17/12/2022;MEM;6;willike04;Kenrich Williams;31:56;4;11;.364;2;6;.333;1;3;.333;2;6;8;5;1;0;0;3;11;+4
17/12/2022;MEM;7;wiggiaa01;Aaron Wiggins;21:13;4;8;.500;2;5;.400;4;6;.667;1;6;7;4;0;0;1;1;14;+11
17/12/2022;MEM;8;manntr01;Tre Mann;18:24;4;10;.400;2;6;.333;1;1;1.000;1;5;6;1;1;0;1;0;11;+13
17/12/2022;MEM;9;waterli01;Lindy Waters III;17:34;2;3;.667;2;2;1.000;0;0;;0;2;2;0;0;0;2;2;6;+9
17/12/2022;MEM;10;willija07;Jaylin Williams;15:01;3;4;.750;1;2;.500;0;0;;0;4;4;2;1;0;0;3;7;+6
17/12/2022;MEM;11;muscami01;Mike Muscala;10:51;1;3;.333;0;2;.000;0;0;;0;2;2;1;0;0;0;1;2;-3
