dateId;teamId;order;playerId;Starters;MP;FG;FGA;FG%;3P;3PA;3P%;FT;FTA;FT%;ORB;DRB;TRB;AST;STL;BLK;TOV;PF;PTS;+/-
31/03/2023;ATL;0;murrade01;Dejounte Murray;36:27;9;15;.600;1;3;.333;2;3;.667;2;3;5;5;2;0;1;2;21;-18
31/03/2023;ATL;1;youngtr01;Trae Young;32:17;3;12;.250;0;5;.000;4;4;1.000;0;0;0;6;0;0;2;0;10;-33
31/03/2023;ATL;2;beysa01;Saddiq Bey;29:30;6;14;.429;2;7;.286;2;2;1.000;3;4;7;2;2;0;1;1;16;-28
31/03/2023;ATL;3;collijo01;John Collins;27:40;2;10;.200;0;6;.000;1;2;.500;1;1;2;1;0;0;2;1;5;-24
31/03/2023;ATL;4;capelca01;Clint Capela;19:52;3;6;.500;0;0;;0;0;;2;4;6;0;1;0;0;2;6;-12
31/03/2023;ATL;5;Reserves;Reserves
31/03/2023;ATL;6;bogdabo01;Bogdan Bogdanović;23:45;4;7;.571;2;5;.400;2;2;1.000;1;2;3;5;1;0;1;2;12;+8
31/03/2023;ATL;7;okongon01;Onyeka Okongwu;19:20;3;4;.750;0;0;;6;6;1.000;3;3;6;0;0;2;1;3;12;+1
31/03/2023;ATL;8;griffaj01;AJ Griffin;16:33;4;8;.500;3;4;.750;0;0;;0;2;2;1;0;0;1;0;11;+6
31/03/2023;ATL;9;johnsja05;Jalen Johnson;13:55;2;5;.400;0;3;.000;2;2;1.000;1;7;8;2;0;0;2;3;6;-10
31/03/2023;ATL;10;holidaa01;Aaron Holiday;4:08;2;4;.500;0;2;.000;0;0;;1;1;2;0;0;0;0;0;4;+5
31/03/2023;ATL;11;fernabr01;Bruno Fernando;4:08;0;1;.000;0;0;;2;2;1.000;1;1;2;0;0;1;0;0;2;+5
31/03/2023;ATL;12;krejcvi01;Vit Krejci;4:08;1;2;.500;0;1;.000;0;0;;1;0;1;1;0;0;0;0;2;+5
31/03/2023;ATL;13;forretr01;Trent Forrest;4:08;0;1;.000;0;0;;0;0;;0;2;2;0;0;0;0;0;0;+5
31/03/2023;ATL;14;mathega01;Garrison Mathews;4:08;0;2;.000;0;1;.000;0;0;;0;0;0;0;0;0;0;0;0;+5
31/03/2023;ATL;15;martity01;Tyrese Martin;Did Not Play
31/03/2023;ATL;0;bridgmi01;Mikal Bridges;35:40;16;24;.667;5;8;.625;5;5;1.000;3;1;4;3;1;0;3;1;42;+30
31/03/2023;ATL;1;johnsca02;Cameron Johnson;35:22;7;13;.538;1;5;.200;1;1;1.000;1;5;6;3;2;0;0;3;16;+20
31/03/2023;ATL;2;dinwisp01;Spencer Dinwiddie;33:26;3;9;.333;1;3;.333;2;2;1.000;0;4;4;12;2;0;2;3;9;+21
31/03/2023;ATL;3;claxtni01;Nic Claxton;27:29;6;7;.857;0;0;;2;4;.500;3;9;12;5;1;2;3;3;14;+19
31/03/2023;ATL;4;finnedo01;Dorian Finney-Smith;24:34;7;10;.700;4;6;.667;1;1;1.000;2;6;8;2;1;1;0;0;19;+32
31/03/2023;ATL;5;Reserves;Reserves
31/03/2023;ATL;6;onealro01;Royce O'Neale;31:48;2;5;.400;1;3;.333;0;0;;0;4;4;6;0;0;3;3;5;+2
31/03/2023;ATL;7;harrijo01;Joe Harris;20:42;4;8;.500;3;6;.500;0;0;;0;0;0;1;1;0;0;1;11;+4
31/03/2023;ATL;8;curryse01;Seth Curry;10:26;4;7;.571;0;2;.000;0;0;;0;0;0;1;0;0;1;1;8;-2
31/03/2023;ATL;9;sharpda01;Day'Ron Sharpe;8:36;0;2;.000;0;0;;0;0;;0;2;2;0;1;0;0;1;0;-17
31/03/2023;ATL;10;sumneed01;Edmond Sumner;3:08;0;1;.000;0;0;;0;0;;0;1;1;0;0;0;0;0;0;-6
31/03/2023;ATL;11;thomaca02;Cam Thomas;3:08;0;1;.000;0;0;;0;0;;0;0;0;0;0;0;0;0;0;-6
31/03/2023;ATL;12;watanyu01;Yuta Watanabe;3:08;0;1;.000;0;0;;0;0;;0;0;0;0;0;0;0;0;0;-6
31/03/2023;ATL;13;brownmo01;Moses Brown;2:31;0;0;;0;0;;0;0;;0;0;0;0;0;0;0;1;0;-6
31/03/2023;ATL;14;millspa02;Patty Mills;Did Not Play
