dateId;teamId;order;playerId;Starters;MP;FG;FGA;FG%;3P;3PA;3P%;FT;FTA;FT%;ORB;DRB;TRB;AST;STL;BLK;TOV;PF;PTS;+/-
03/03/2023;UTA;0;markkla01;Lauri Markkanen;29:37;6;14;.429;0;5;.000;8;11;.727;4;6;10;2;0;1;6;3;20;-26
03/03/2023;UTA;1;agbajoc01;Ochai Agbaji;28:24;3;11;.273;2;9;.222;0;0;;0;3;3;2;1;0;2;4;8;-19
03/03/2023;UTA;2;olynyke01;Kelly Olynyk;26:30;4;5;.800;1;1;1.000;6;6;1.000;0;3;3;3;0;3;4;1;15;-18
03/03/2023;UTA;3;kesslwa01;Walker Kessler;25:12;5;5;1.000;0;0;;0;0;;3;8;11;0;0;4;1;2;10;-13
03/03/2023;UTA;4;hortota01;Talen Horton-Tucker;21:08;3;4;.750;0;1;.000;0;0;;0;4;4;5;0;0;6;1;6;-1
03/03/2023;UTA;5;Reserves;Reserves
03/03/2023;UTA;6;fontesi01;Simone Fontecchio;26:25;5;12;.417;4;6;.667;2;4;.500;1;2;3;1;0;1;1;1;16;-13
03/03/2023;UTA;7;dunnkr01;Kris Dunn;23:16;5;10;.500;1;3;.333;0;0;;0;6;6;6;3;1;2;1;11;-24
03/03/2023;UTA;8;jonesda03;Damian Jones;20:08;3;3;1.000;0;0;;1;1;1.000;1;2;3;0;0;2;1;2;7;-8
03/03/2023;UTA;9;gayru01;Rudy Gay;16:27;3;7;.429;1;2;.500;1;1;1.000;0;3;3;2;1;2;2;2;8;-7
03/03/2023;UTA;10;toscaju01;Juan Toscano-Anderson;12:47;0;2;.000;0;0;;0;0;;0;0;0;1;0;0;0;1;0;-2
03/03/2023;UTA;11;juzanjo01;Johnny Juzang;5:03;1;2;.500;0;1;.000;0;0;;0;0;0;1;0;0;0;0;2;-2
03/03/2023;UTA;12;jacksfr01;Frank Jackson;5:03;0;3;.000;0;1;.000;0;0;;1;1;2;1;0;0;0;0;0;-2
03/03/2023;UTA;13;azubuud01;Udoka Azubuike;Did Not Play
03/03/2023;UTA;0;dortlu01;Luguentz Dort;33:45;7;14;.500;4;9;.444;1;2;.500;0;2;2;3;4;1;1;2;19;+19
03/03/2023;UTA;1;willija06;Jalen Williams;33:11;8;13;.615;1;2;.500;3;4;.750;1;5;6;4;4;1;1;3;20;+20
03/03/2023;UTA;2;giddejo01;Josh Giddey;32:08;8;17;.471;0;3;.000;2;2;1.000;3;3;6;13;1;1;1;2;18;+9
03/03/2023;UTA;3;willija07;Jaylin Williams;31:20;1;6;.167;1;4;.250;0;0;;1;8;9;1;0;2;1;5;3;+10
03/03/2023;UTA;4;joeis01;Isaiah Joe;26:58;6;16;.375;5;13;.385;0;0;;1;1;2;3;1;0;0;0;17;+12
03/03/2023;UTA;5;Reserves;Reserves
03/03/2023;UTA;6;wiggiaa01;Aaron Wiggins;26:54;12;16;.750;1;2;.500;2;4;.500;2;2;4;0;2;0;0;3;27;+19
03/03/2023;UTA;7;diengou01;Ousmane Dieng;20:43;4;8;.500;0;3;.000;1;2;.500;2;2;4;2;0;0;1;2;9;+17
03/03/2023;UTA;8;saricda01;Dario Šarić;16:40;4;7;.571;3;5;.600;0;0;;1;3;4;1;0;0;2;4;11;+17
03/03/2023;UTA;9;manntr01;Tre Mann;14:44;2;6;.333;2;2;1.000;0;0;;0;2;2;4;0;0;0;1;6;+8
03/03/2023;UTA;10;butleja02;Jared Butler;3:37;0;1;.000;0;0;;0;0;;0;1;1;0;0;0;0;0;0;+4
03/03/2023;UTA;11;robinje02;Jeremiah Robinson-Earl;Did Not Play
