dateId;teamId;order;playerId;Starters;MP;FG;FGA;FG%;3P;3PA;3P%;FT;FTA;FT%;ORB;DRB;TRB;AST;STL;BLK;TOV;PF;PTS;+/-
28/10/2022;NOP;0;marshna01;Naji Marshall;35:00;7;13;.538;3;7;.429;4;5;.800;4;2;6;5;1;0;2;2;21;+2
28/10/2022;NOP;1;mccolcj01;CJ McCollum;34:31;6;19;.316;0;5;.000;5;6;.833;0;2;2;9;1;0;1;2;17;0
28/10/2022;NOP;2;murphtr02;Trey Murphy III;32:36;4;9;.444;3;7;.429;2;2;1.000;0;5;5;1;2;0;1;3;13;+3
28/10/2022;NOP;3;valanjo01;Jonas Valančiūnas;31:17;11;16;.688;0;0;;3;3;1.000;3;7;10;2;1;0;2;3;25;0
28/10/2022;NOP;4;alvarjo01;Jose Alvarado;29:19;4;12;.333;4;7;.571;2;2;1.000;0;1;1;3;1;0;3;4;14;-7
28/10/2022;NOP;5;Reserves;Reserves
28/10/2022;NOP;6;grahade01;Devonte' Graham;28:03;3;7;.429;3;6;.500;2;2;1.000;0;3;3;2;2;0;1;2;11;-21
28/10/2022;NOP;7;templga01;Garrett Temple;17:04;2;3;.667;2;3;.667;0;0;;0;1;1;1;1;0;0;1;6;-17
28/10/2022;NOP;8;nancela02;Larry Nance Jr.;14:11;1;5;.200;0;1;.000;0;0;;0;0;0;0;1;1;2;3;2;-19
28/10/2022;NOP;9;hernawi01;Willy Hernangómez;8:05;0;2;.000;0;1;.000;2;2;1.000;2;2;4;1;0;0;1;1;2;-2
28/10/2022;NOP;10;hayesja02;Jaxson Hayes;7:56;0;0;;0;0;;0;0;;0;1;1;1;0;0;0;0;0;-5
28/10/2022;NOP;11;seabrde01;Dereon Seabron;1:58;0;0;;0;0;;0;0;;0;0;0;0;0;0;0;0;0;+1
28/10/2022;NOP;0;bookede01;Devin Booker;32:36;6;14;.429;0;4;.000;4;4;1.000;0;5;5;4;0;0;5;1;16;+4
28/10/2022;NOP;1;bridgmi01;Mikal Bridges;31:08;10;13;.769;3;5;.600;4;4;1.000;0;2;2;4;1;3;1;1;27;-1
28/10/2022;NOP;2;paulch01;Chris Paul;30:38;1;7;.143;0;1;.000;5;6;.833;1;4;5;9;1;0;3;1;7;-3
28/10/2022;NOP;3;johnsca02;Cameron Johnson;26:54;5;10;.500;2;6;.333;4;4;1.000;0;2;2;3;2;0;0;2;16;-2
28/10/2022;NOP;4;aytonde01;Deandre Ayton;7:42;2;4;.500;0;0;;0;0;;1;2;3;0;0;0;0;0;4;-5
28/10/2022;NOP;5;Reserves;Reserves
28/10/2022;NOP;6;biyombi01;Bismack Biyombo;23:18;5;7;.714;0;0;;1;2;.500;4;9;13;2;0;2;0;5;11;0
28/10/2022;NOP;7;payneca01;Cameron Payne;17:22;5;10;.500;2;3;.667;0;0;;1;1;2;5;1;1;1;0;12;+16
28/10/2022;NOP;8;craigto01;Torrey Craig;17:18;6;6;1.000;1;1;1.000;0;0;;4;2;6;2;0;0;1;1;13;+7
28/10/2022;NOP;9;shamela01;Landry Shamet;17:17;2;4;.500;1;3;.333;0;0;;1;0;1;2;1;0;0;4;5;+13
28/10/2022;NOP;10;landajo01;Jock Landale;17:00;4;9;.444;0;4;.000;0;0;;0;2;2;2;0;1;0;2;8;+18
28/10/2022;NOP;11;leeda03;Damion Lee;15:31;1;5;.200;1;4;.250;0;0;;0;3;3;0;1;0;1;1;3;+20
28/10/2022;NOP;12;washidu02;Duane Washington Jr.;1:38;1;3;.333;0;2;.000;0;0;;0;0;0;0;0;0;0;0;2;-1
28/10/2022;NOP;13;okogijo01;Josh Okogie;1:38;0;0;;0;0;;0;0;;2;1;3;0;0;0;0;0;0;-1
28/10/2022;NOP;14;saricda01;Dario Šarić;Did Not Play
