dateId;teamId;order;playerId;Starters;MP;FG;FGA;FG%;3P;3PA;3P%;FT;FTA;FT%;ORB;DRB;TRB;AST;STL;BLK;TOV;PF;PTS;+/-
07/04/2023;CHI;0;whiteco01;Coby White;42:05;10;17;.588;2;6;.333;2;2;1.000;0;7;7;11;0;0;3;2;24;+16
07/04/2023;CHI;1;dosunay01;Ayo Dosunmu;37:36;6;14;.429;0;5;.000;0;0;;1;8;9;5;1;0;2;1;12;+8
07/04/2023;CHI;2;willipa01;Patrick Williams;36:41;9;18;.500;3;5;.600;2;3;.667;1;7;8;2;2;2;2;2;23;+11
07/04/2023;CHI;3;vucevni01;Nikola Vučević;27:44;7;11;.636;1;3;.333;5;5;1.000;1;9;10;4;0;0;1;1;20;-5
07/04/2023;CHI;4;carusal01;Alex Caruso;17:53;3;4;.750;1;1;1.000;0;0;;1;0;1;1;0;1;2;2;7;-2
07/04/2023;CHI;5;Reserves;Reserves
07/04/2023;CHI;6;jonesde02;Derrick Jones Jr.;20:53;2;6;.333;2;4;.500;0;2;.000;1;4;5;0;0;1;0;4;6;+4
07/04/2023;CHI;7;terryda01;Dalen Terry;16:19;3;10;.300;0;4;.000;2;2;1.000;1;2;3;0;1;0;1;3;8;-18
07/04/2023;CHI;8;jonesca03;Carlik Jones;15:13;2;2;1.000;2;2;1.000;0;0;;0;1;1;1;1;0;1;0;6;-1
07/04/2023;CHI;9;greenja02;Javonte Green;13:36;0;2;.000;0;1;.000;1;2;.500;0;3;3;0;1;0;0;0;1;-7
07/04/2023;CHI;10;taylote01;Terry Taylor;12:00;4;4;1.000;0;0;;0;2;.000;2;1;3;0;0;0;0;0;8;+9
07/04/2023;CHI;11;drumman01;Andre Drummond;Did Not Play
07/04/2023;CHI;12;simonma01;Marko Simonovic;Did Not Play
07/04/2023;CHI;0;bullore01;Reggie Bullock;33:37;2;5;.400;2;5;.400;0;0;;0;1;1;5;0;0;0;1;6;-27
07/04/2023;CHI;1;ntilila01;Frank Ntilikina;33:00;2;7;.286;1;3;.333;2;2;1.000;1;2;3;3;3;1;2;3;7;-1
07/04/2023;CHI;2;hardyja02;Jaden Hardy;16:23;3;9;.333;3;7;.429;0;0;;0;4;4;1;0;0;1;0;9;-2
07/04/2023;CHI;3;doncilu01;Luka Dončić;12:35;4;11;.364;0;5;.000;5;7;.714;0;5;5;3;0;0;0;1;13;+5
07/04/2023;CHI;4;poweldw01;Dwight Powell;10:28;0;0;;0;0;;0;0;;2;1;3;1;0;0;0;0;0;-1
07/04/2023;CHI;5;Reserves;Reserves
07/04/2023;CHI;6;pinsoth01;Theo Pinson;30:45;3;10;.300;2;8;.250;0;0;;0;7;7;3;1;0;2;4;8;+4
07/04/2023;CHI;7;holidju01;Justin Holiday;26:27;5;11;.455;1;6;.167;0;1;.000;1;5;6;3;2;1;1;2;11;+12
07/04/2023;CHI;8;wrighmc01;McKinley Wright IV;23:31;6;14;.429;1;4;.250;0;0;;0;2;2;3;0;0;1;0;13;-17
07/04/2023;CHI;9;lawsoaj01;A.J. Lawson;22:33;5;9;.556;2;6;.333;0;0;;3;3;6;0;0;0;2;0;12;-19
07/04/2023;CHI;10;bertada01;Dāvis Bertāns;15:16;3;7;.429;2;6;.333;3;3;1.000;0;2;2;0;1;0;0;1;11;+12
07/04/2023;CHI;11;morrima02;Markieff Morris;8:07;5;6;.833;3;4;.750;0;0;;0;2;2;1;0;0;0;2;13;+6
07/04/2023;CHI;12;mcgeeja01;JaVale McGee;7:18;4;4;1.000;1;1;1.000;0;0;;0;2;2;0;0;1;0;1;9;+13
