dateId;teamId;order;playerId;Starters;MP;FG;FGA;FG%;3P;3PA;3P%;FT;FTA;FT%;ORB;DRB;TRB;AST;STL;BLK;TOV;PF;PTS;+/-
12/03/2023;WAS;0;kuzmaky01;Kyle Kuzma;29:41;4;14;.286;1;5;.200;3;4;.750;1;10;11;4;1;0;2;1;12;-22
12/03/2023;WAS;1;bealbr01;Bradley Beal;29:17;5;12;.417;0;2;.000;3;3;1.000;0;1;1;4;1;1;2;3;13;-13
12/03/2023;WAS;2;morrimo01;Monte Morris;25:27;5;8;.625;1;2;.500;0;0;;0;4;4;1;0;1;2;1;11;-22
12/03/2023;WAS;3;porzikr01;Kristaps Porziņģis;25:07;4;15;.267;0;3;.000;1;2;.500;1;5;6;1;1;2;1;4;9;-23
12/03/2023;WAS;4;gaffoda01;Daniel Gafford;21:28;2;3;.667;0;0;;3;4;.750;1;2;3;0;0;0;0;2;7;-20
12/03/2023;WAS;5;Reserves;Reserves
12/03/2023;WAS;6;kispeco01;Corey Kispert;33:11;9;13;.692;3;7;.429;4;4;1.000;0;3;3;1;0;0;0;1;25;-2
12/03/2023;WAS;7;avdijde01;Deni Avdija;23:38;1;8;.125;0;2;.000;2;2;1.000;0;2;2;3;0;0;0;2;4;+3
12/03/2023;WAS;8;wrighde01;Delon Wright;19:47;1;5;.200;0;2;.000;0;0;;2;0;2;3;1;0;0;1;2;-2
12/03/2023;WAS;9;gillan01;Anthony Gill;9:26;1;2;.500;0;0;;3;4;.750;1;0;1;1;0;1;0;1;5;-2
12/03/2023;WAS;10;davisjo06;Johnny Davis;7:27;0;0;;0;0;;0;0;;0;0;0;1;0;0;0;2;0;+4
12/03/2023;WAS;11;gibsota01;Taj Gibson;5:41;1;1;1.000;0;0;;0;0;;0;0;0;0;0;0;0;1;2;0
12/03/2023;WAS;12;bouyeja01;Jamaree Bouyea;5:32;0;1;.000;0;1;.000;0;0;;0;1;1;0;0;0;0;1;0;+4
12/03/2023;WAS;13;nunnke01;Kendrick Nunn;4:18;1;2;.500;1;2;.500;0;0;;0;1;1;0;0;0;2;0;3;0
12/03/2023;WAS;14;goodwjo01;Jordan Goodwin;Did Not Play
12/03/2023;WAS;0;hardeja01;James Harden;32:48;6;11;.545;3;7;.429;3;4;.750;0;2;2;14;1;0;3;0;18;+25
12/03/2023;WAS;1;embiijo01;Joel Embiid;31:11;12;21;.571;0;3;.000;10;12;.833;3;5;8;4;1;4;1;1;34;+13
12/03/2023;WAS;2;maxeyty01;Tyrese Maxey;28:29;3;9;.333;2;5;.400;0;0;;0;1;1;1;0;0;1;3;8;+7
12/03/2023;WAS;3;harrito02;Tobias Harris;24:41;4;11;.364;1;2;.500;2;2;1.000;0;3;3;0;1;2;0;3;11;+10
12/03/2023;WAS;4;tuckepj01;P.J. Tucker;21:26;0;0;;0;0;;0;0;;1;5;6;2;1;1;0;1;0;+13
12/03/2023;WAS;5;Reserves;Reserves
12/03/2023;WAS;6;meltode01;De'Anthony Melton;20:31;3;5;.600;3;5;.600;1;2;.500;0;6;6;4;0;2;0;2;10;+11
12/03/2023;WAS;7;niangge01;Georges Niang;19:12;2;4;.500;1;2;.500;1;1;1.000;0;1;1;0;0;0;0;1;6;+10
12/03/2023;WAS;8;miltosh01;Shake Milton;19:04;3;6;.500;1;2;.500;0;0;;1;3;4;1;0;0;0;3;7;+11
12/03/2023;WAS;9;reedpa01;Paul Reed;12:01;3;4;.750;0;0;;0;0;;3;3;6;0;0;1;1;1;6;+9
12/03/2023;WAS;10;houseda01;Danuel House Jr.;10:21;0;0;;0;0;;0;0;;0;2;2;0;0;0;0;3;0;-7
12/03/2023;WAS;11;mcdanja01;Jalen McDaniels;7:40;2;3;.667;0;1;.000;2;2;1.000;0;1;1;0;0;0;0;0;6;0
12/03/2023;WAS;12;dedmode01;Dewayne Dedmon;4:48;2;2;1.000;0;0;;0;0;;0;1;1;1;0;0;0;1;4;-3
12/03/2023;WAS;13;korkmfu01;Furkan Korkmaz;4:48;1;3;.333;0;1;.000;0;0;;0;0;0;1;0;0;2;0;2;-3
12/03/2023;WAS;14;sprinja01;Jaden Springer;3:00;0;1;.000;0;1;.000;0;0;;1;0;1;1;2;0;0;0;0;-1
12/03/2023;WAS;15;harremo01;Montrezl Harrell;Did Not Play
