dateId;teamId;order;playerId;Starters;MP;FG;FGA;FG%;3P;3PA;3P%;FT;FTA;FT%;ORB;DRB;TRB;AST;STL;BLK;TOV;PF;PTS;+/-
14/11/2022;ATL;0;murrade01;Dejounte Murray;36:01;6;14;.429;1;4;.250;6;7;.857;0;8;8;5;0;0;1;2;19;+6
14/11/2022;ATL;1;huntede01;De'Andre Hunter;35:11;6;15;.400;2;3;.667;10;10;1.000;0;3;3;2;0;0;1;3;24;+10
14/11/2022;ATL;2;youngtr01;Trae Young;33:46;7;19;.368;2;5;.400;5;5;1.000;0;3;3;9;1;0;2;0;21;+10
14/11/2022;ATL;3;collijo01;John Collins;33:28;6;15;.400;1;5;.200;3;3;1.000;4;5;9;0;1;1;1;4;16;+13
14/11/2022;ATL;4;capelca01;Clint Capela;30:00;9;11;.818;0;0;;1;4;.250;7;3;10;2;0;2;1;2;19;+14
14/11/2022;ATL;5;Reserves;Reserves
14/11/2022;ATL;6;holidaa01;Aaron Holiday;20:12;2;5;.400;0;1;.000;0;0;;0;3;3;2;1;0;0;3;4;+18
14/11/2022;ATL;7;okongon01;Onyeka Okongwu;17:08;3;5;.600;0;0;;0;0;;1;4;5;1;0;1;0;5;6;0
14/11/2022;ATL;8;griffaj01;AJ Griffin;17:06;3;6;.500;1;2;.500;0;0;;1;1;2;1;0;0;2;1;7;-1
14/11/2022;ATL;9;johnsja05;Jalen Johnson;14:32;2;2;1.000;0;0;;1;1;1.000;0;2;2;1;1;0;1;3;5;+2
14/11/2022;ATL;10;culveja01;Jarrett Culver;0:52;0;0;;0;0;;0;0;;0;0;0;0;0;0;0;0;0;+1
14/11/2022;ATL;11;krejcvi01;Vit Krejci;0:52;0;0;;0;0;;0;0;;0;0;0;0;0;0;0;0;0;+1
14/11/2022;ATL;12;martity01;Tyrese Martin;0:52;0;0;;0;0;;0;0;;0;0;0;0;0;0;0;0;0;+1
14/11/2022;ATL;13;holidju01;Justin Holiday;Did Not Play
14/11/2022;ATL;14;kaminfr01;Frank Kaminsky;Did Not Play
14/11/2022;ATL;0;beaucma01;MarJon Beauchamp;34:11;7;9;.778;3;4;.750;3;3;1.000;2;6;8;1;0;1;2;2;20;-14
14/11/2022;ATL;1;carteje01;Jevon Carter;33:25;4;11;.364;0;3;.000;4;4;1.000;3;0;3;6;2;1;1;4;12;-8
14/11/2022;ATL;2;lopezbr01;Brook Lopez;33:06;3;8;.375;0;4;.000;6;7;.857;1;4;5;1;0;0;1;2;12;-3
14/11/2022;ATL;3;antetgi01;Giannis Antetokounmpo;30:55;8;21;.381;0;3;.000;11;18;.611;1;7;8;4;1;0;8;6;27;-13
14/11/2022;ATL;4;allengr01;Grayson Allen;9:37;0;2;.000;0;0;;2;2;1.000;1;0;1;0;1;0;0;0;2;-6
14/11/2022;ATL;5;Reserves;Reserves
14/11/2022;ATL;6;hillge01;George Hill;25:53;0;1;.000;0;0;;2;2;1.000;0;3;3;3;0;1;2;0;2;-3
14/11/2022;ATL;7;portibo01;Bobby Portis;22:59;6;15;.400;0;5;.000;2;3;.667;3;7;10;2;0;0;1;5;14;0
14/11/2022;ATL;8;nworajo01;Jordan Nwora;21:19;3;8;.375;2;6;.333;2;2;1.000;0;5;5;3;0;0;0;4;10;-8
14/11/2022;ATL;9;ibakase01;Serge Ibaka;13:18;2;3;.667;1;2;.500;0;0;;0;3;3;0;0;0;0;2;5;-8
14/11/2022;ATL;10;matthwe02;Wesley Matthews;12:07;0;3;.000;0;2;.000;0;0;;0;0;0;0;0;0;0;1;0;-12
14/11/2022;ATL;11;mamuksa01;Sandro Mamukelashvili;1:35;1;1;1.000;0;0;;0;0;;0;0;0;1;0;0;0;0;2;0
14/11/2022;ATL;12;antetth01;Thanasis Antetokounmpo;1:35;0;0;;0;0;;0;0;;0;0;0;0;0;0;0;0;0;0
