dateId;teamId;order;playerId;Starters;MP;FG;FGA;FG%;3P;3PA;3P%;FT;FTA;FT%;ORB;DRB;TRB;AST;STL;BLK;TOV;PF;PTS;+/-
15/02/2023;NYK;0;brunsja01;Jalen Brunson;38:20;10;19;.526;1;6;.167;7;8;.875;1;8;9;5;0;0;5;1;28;+22
15/02/2023;NYK;1;randlju01;Julius Randle;34:50;9;19;.474;3;8;.375;4;5;.800;3;8;11;2;0;0;3;4;25;+20
15/02/2023;NYK;2;barrerj01;RJ Barrett;32:08;6;16;.375;0;6;.000;5;7;.714;0;5;5;2;1;0;0;2;17;+10
15/02/2023;NYK;3;grimequ01;Quentin Grimes;23:54;2;7;.286;2;6;.333;0;0;;0;3;3;1;0;0;0;3;6;+7
15/02/2023;NYK;4;simsje01;Jericho Sims;21:34;1;2;.500;0;0;;0;0;;1;5;6;0;0;0;0;2;2;+11
15/02/2023;NYK;5;Reserves;Reserves
15/02/2023;NYK;6;harteis01;Isaiah Hartenstein;26:26;3;6;.500;0;0;;0;0;;4;7;11;0;0;3;0;2;6;+10
15/02/2023;NYK;7;hartjo01;Josh Hart;24:29;5;9;.556;3;5;.600;0;0;;1;4;5;2;0;1;1;2;13;+11
15/02/2023;NYK;8;quickim01;Immanuel Quickley;23:54;5;11;.455;2;6;.333;2;2;1.000;0;4;4;2;1;0;0;4;14;+10
15/02/2023;NYK;9;toppiob01;Obi Toppin;13:10;4;7;.571;3;6;.500;0;0;;0;1;1;0;0;0;0;1;11;+1
15/02/2023;NYK;10;mcbrimi01;Miles McBride;1:15;0;0;;0;0;;0;0;;0;0;0;2;0;0;0;0;0;+3
15/02/2023;NYK;11;fournev01;Evan Fournier;Did Not Play
15/02/2023;NYK;12;rosede01;Derrick Rose;Did Not Play
15/02/2023;NYK;0;murrade01;Dejounte Murray;33:43;3;12;.250;0;4;.000;0;0;;0;5;5;3;0;0;1;2;6;-20
15/02/2023;NYK;1;youngtr01;Trae Young;31:30;4;14;.286;1;6;.167;10;13;.769;0;1;1;11;4;0;1;0;19;-13
15/02/2023;NYK;2;huntede01;De'Andre Hunter;28:30;9;15;.600;2;4;.500;0;1;.000;0;4;4;3;0;2;0;3;20;-23
15/02/2023;NYK;3;capelca01;Clint Capela;25:46;5;8;.625;0;0;;0;0;;2;6;8;1;1;1;0;3;10;-15
15/02/2023;NYK;4;collijo01;John Collins;21:49;2;8;.250;0;3;.000;4;4;1.000;0;2;2;0;0;1;0;2;8;-18
15/02/2023;NYK;5;Reserves;Reserves
15/02/2023;NYK;6;bogdabo01;Bogdan Bogdanović;23:37;3;5;.600;1;3;.333;1;1;1.000;0;3;3;3;1;1;0;2;8;-8
15/02/2023;NYK;7;okongon01;Onyeka Okongwu;18:31;3;9;.333;0;0;;1;2;.500;1;3;4;1;0;1;0;4;7;-8
15/02/2023;NYK;8;beysa01;Saddiq Bey;18:29;1;4;.250;0;1;.000;0;0;;2;3;5;1;0;0;0;1;2;-1
15/02/2023;NYK;9;griffaj01;AJ Griffin;15:25;6;12;.500;0;2;.000;0;0;;1;1;2;0;0;0;0;0;12;-3
15/02/2023;NYK;10;holidaa01;Aaron Holiday;7:48;0;3;.000;0;1;.000;0;0;;1;1;2;0;0;0;0;1;0;-4
15/02/2023;NYK;11;fernabr01;Bruno Fernando;3:43;2;3;.667;0;0;;0;0;;1;0;1;0;0;0;1;0;4;+2
15/02/2023;NYK;12;mathega01;Garrison Mathews;3:43;1;1;1.000;1;1;1.000;0;0;;0;1;1;0;0;0;0;0;3;+2
15/02/2023;NYK;13;krejcvi01;Vit Krejci;3:43;1;2;.500;0;0;;0;0;;0;1;1;1;0;0;1;0;2;+2
15/02/2023;NYK;14;johnsja05;Jalen Johnson;3:43;0;1;.000;0;1;.000;0;0;;0;1;1;1;0;1;0;0;0;+2
