dateId;teamId;order;playerId;Starters;MP;FG;FGA;FG%;3P;3PA;3P%;FT;FTA;FT%;ORB;DRB;TRB;AST;STL;BLK;TOV;PF;PTS;+/-
17/03/2023;PHI;0;hardeja01;James Harden;31:23;4;15;.267;0;6;.000;3;4;.750;3;8;11;10;3;0;2;1;11;+25
17/03/2023;PHI;1;embiijo01;Joel Embiid;29:10;16;21;.762;0;0;;6;7;.857;1;12;13;5;0;4;3;1;38;+26
17/03/2023;PHI;2;maxeyty01;Tyrese Maxey;28:55;4;10;.400;3;7;.429;2;2;1.000;1;1;2;2;0;0;2;3;13;+21
17/03/2023;PHI;3;harrito02;Tobias Harris;22:33;7;11;.636;3;5;.600;1;2;.500;1;4;5;0;1;0;1;2;18;+12
17/03/2023;PHI;4;tuckepj01;P.J. Tucker;22:03;0;1;.000;0;0;;0;0;;0;5;5;1;2;0;0;2;0;+15
17/03/2023;PHI;5;Reserves;Reserves
17/03/2023;PHI;6;miltosh01;Shake Milton;25:57;3;4;.750;1;2;.500;5;5;1.000;1;3;4;2;0;1;1;1;12;+24
17/03/2023;PHI;7;meltode01;De'Anthony Melton;19:09;3;6;.500;2;4;.500;0;0;;0;5;5;1;1;0;1;2;8;+23
17/03/2023;PHI;8;niangge01;Georges Niang;18:24;0;6;.000;0;5;.000;2;3;.667;1;1;2;1;0;0;0;1;2;+26
17/03/2023;PHI;9;reedpa01;Paul Reed;12:27;4;8;.500;0;0;;0;0;;6;4;10;0;0;3;2;2;8;+9
17/03/2023;PHI;10;houseda01;Danuel House Jr.;9:30;3;5;.600;1;3;.333;0;0;;0;2;2;0;0;1;1;0;7;+8
17/03/2023;PHI;11;sprinja01;Jaden Springer;7:03;1;2;.500;0;0;;0;0;;0;0;0;1;1;0;0;2;2;+1
17/03/2023;PHI;12;korkmfu01;Furkan Korkmaz;7:03;0;2;.000;0;0;;0;0;;0;0;0;0;0;0;0;0;0;+1
17/03/2023;PHI;13;dedmode01;Dewayne Dedmon;6:23;1;1;1.000;0;0;;0;2;.000;0;3;3;1;1;0;0;2;2;+4
17/03/2023;PHI;14;harremo01;Montrezl Harrell;Did Not Play
17/03/2023;PHI;0;roziete01;Terry Rozier;30:46;6;18;.333;2;11;.182;0;0;;0;2;2;4;3;0;1;2;14;-26
17/03/2023;PHI;1;oubreke01;Kelly Oubre Jr.;30:41;2;12;.167;0;6;.000;7;10;.700;0;2;2;1;1;0;1;2;11;-28
17/03/2023;PHI;2;washipj01;P.J. Washington;30:34;5;16;.313;1;5;.200;1;2;.500;3;3;6;1;2;1;2;1;12;-36
17/03/2023;PHI;3;haywago01;Gordon Hayward;21:48;2;4;.500;0;0;;2;2;1.000;0;5;5;2;1;0;1;0;6;-15
17/03/2023;PHI;4;richani01;Nick Richards;13:13;0;0;;0;0;;2;2;1.000;1;1;2;0;0;1;2;4;2;-18
17/03/2023;PHI;5;Reserves;Reserves
17/03/2023;PHI;6;smithde03;Dennis Smith Jr.;31:57;2;11;.182;0;4;.000;1;2;.500;0;5;5;8;0;1;2;2;5;-22
17/03/2023;PHI;7;joneska01;Kai Jones;27:21;5;8;.625;0;0;;0;0;;2;7;9;1;1;1;1;1;10;-6
17/03/2023;PHI;8;thorjt01;JT Thor;24:52;4;8;.500;1;5;.200;0;0;;0;2;2;0;1;1;1;2;9;-18
17/03/2023;PHI;9;mcgowbr01;Bryce McGowens;20:02;2;4;.500;0;1;.000;5;5;1.000;1;0;1;2;1;1;2;2;9;-20
17/03/2023;PHI;10;mykhasv01;Svi Mykhailiuk;8:46;1;5;.200;1;3;.333;1;3;.333;0;1;1;1;0;0;0;0;4;-6
17/03/2023;PHI;11;willima07;Mark Williams;Did Not Dress
