dateId;teamId;order;playerId;Starters;MP;FG;FGA;FG%;3P;3PA;3P%;FT;FTA;FT%;ORB;DRB;TRB;AST;STL;BLK;TOV;PF;PTS;+/-
07/01/2023;NOP;0;marshna01;Naji Marshall;38:06;9;17;.529;1;4;.250;5;10;.500;1;1;2;4;3;1;4;3;24;+3
07/01/2023;NOP;1;joneshe01;Herbert Jones;33:55;6;13;.462;1;3;.333;3;4;.750;1;5;6;1;5;1;1;4;16;-7
07/01/2023;NOP;2;valanjo01;Jonas Valančiūnas;29:57;10;13;.769;0;2;.000;5;6;.833;2;8;10;3;0;0;1;3;25;+1
07/01/2023;NOP;3;alvarjo01;Jose Alvarado;27:10;5;12;.417;1;4;.250;3;3;1.000;1;4;5;7;1;0;1;2;14;+4
07/01/2023;NOP;4;murphtr02;Trey Murphy III;24:34;3;7;.429;1;4;.250;0;0;;1;1;2;1;0;1;1;5;7;-3
07/01/2023;NOP;5;Reserves;Reserves
07/01/2023;NOP;6;daniedy01;Dyson Daniels;21:01;0;6;.000;0;4;.000;0;0;;1;2;3;3;1;0;1;3;0;-10
07/01/2023;NOP;7;hernawi01;Willy Hernangómez;15:37;3;6;.500;0;0;;0;2;.000;6;4;10;1;0;1;0;0;6;-4
07/01/2023;NOP;8;grahade01;Devonte' Graham;15:33;2;7;.286;0;4;.000;0;2;.000;0;0;0;3;2;0;0;0;4;-13
07/01/2023;NOP;9;hayesja02;Jaxson Hayes;12:36;1;4;.250;0;1;.000;2;4;.500;1;1;2;1;1;0;1;2;4;-13
07/01/2023;NOP;10;lewiski01;Kira Lewis Jr.;12:33;4;6;.667;0;1;.000;4;4;1.000;1;2;3;0;0;0;2;1;12;-7
07/01/2023;NOP;11;templga01;Garrett Temple;8:58;2;3;.667;1;2;.500;0;0;;0;1;1;2;1;0;0;2;5;-1
07/01/2023;NOP;12;seabrde01;Dereon Seabron;Did Not Play
07/01/2023;NOP;0;doncilu01;Luka Dončić;39:26;10;23;.435;3;6;.500;11;15;.733;0;10;10;10;0;1;7;4;34;+7
07/01/2023;NOP;1;dinwisp01;Spencer Dinwiddie;32:09;3;6;.500;0;2;.000;6;8;.750;0;1;1;4;0;0;2;1;12;+7
07/01/2023;NOP;2;hardati02;Tim Hardaway Jr.;30:38;7;9;.778;4;6;.667;0;0;;1;1;2;1;2;0;1;0;18;+19
07/01/2023;NOP;3;woodch01;Christian Wood;23:55;9;14;.643;4;7;.571;6;7;.857;2;4;6;1;0;2;1;3;28;+2
07/01/2023;NOP;4;poweldw01;Dwight Powell;15:15;1;1;1.000;0;0;;0;0;;0;4;4;0;1;1;2;5;2;+13
07/01/2023;NOP;5;Reserves;Reserves
07/01/2023;NOP;6;bullore01;Reggie Bullock;26:21;0;2;.000;0;2;.000;1;2;.500;2;3;5;2;0;0;0;0;1;+19
07/01/2023;NOP;7;hardyja02;Jaden Hardy;20:51;7;9;.778;1;2;.500;0;0;;0;1;1;0;2;0;0;3;15;-4
07/01/2023;NOP;8;mcgeeja01;JaVale McGee;14:31;3;4;.750;0;0;;0;0;;0;6;6;1;0;3;1;5;6;-2
07/01/2023;NOP;9;bertada01;Dāvis Bertāns;12:50;2;2;1.000;1;1;1.000;0;0;;0;0;0;2;0;0;1;1;5;0
07/01/2023;NOP;10;wrighmc01;McKinley Wright IV;11:08;0;1;.000;0;0;;4;4;1.000;0;2;2;1;0;0;1;1;4;-5
07/01/2023;NOP;11;ntilila01;Frank Ntilikina;10:44;0;3;.000;0;3;.000;0;0;;0;1;1;1;0;0;1;1;0;-8
07/01/2023;NOP;12;pinsoth01;Theo Pinson;1:42;0;0;;0;0;;2;2;1.000;0;1;1;0;0;0;0;0;2;0
07/01/2023;NOP;13;lawsoaj01;A.J. Lawson;0:30;0;0;;0;0;;0;0;;0;0;0;0;0;0;0;0;0;+2
