dateId;teamId;order;playerId;Starters;MP;FG;FGA;FG%;3P;3PA;3P%;FT;FTA;FT%;ORB;DRB;TRB;AST;STL;BLK;TOV;PF;PTS;+/-
25/03/2023;NOP;0;murphtr02;Trey Murphy III;37:04;11;14;.786;10;12;.833;0;0;;0;2;2;1;2;1;0;3;32;+19
25/03/2023;NOP;1;mccolcj01;CJ McCollum;35:21;8;15;.533;3;6;.500;2;2;1.000;2;6;8;8;2;1;3;2;21;+21
25/03/2023;NOP;2;ingrabr01;Brandon Ingram;33:33;12;22;.545;3;5;.600;5;5;1.000;0;4;4;13;0;0;1;3;32;+17
25/03/2023;NOP;3;valanjo01;Jonas Valančiūnas;31:41;8;18;.444;1;2;.500;0;0;;2;11;13;4;1;1;2;5;17;+18
25/03/2023;NOP;4;joneshe01;Herbert Jones;23:24;2;2;1.000;0;0;;0;0;;4;2;6;2;2;0;2;2;4;+12
25/03/2023;NOP;5;Reserves;Reserves
25/03/2023;NOP;6;richajo01;Josh Richardson;24:53;5;10;.500;3;6;.500;0;0;;1;0;1;2;1;0;5;1;13;+7
25/03/2023;NOP;7;marshna01;Naji Marshall;22:13;3;7;.429;1;2;.500;1;2;.500;0;3;3;2;0;0;2;1;8;+6
25/03/2023;NOP;8;nancela02;Larry Nance Jr.;13:26;1;4;.250;0;1;.000;0;0;;2;3;5;3;1;0;0;3;2;+1
25/03/2023;NOP;9;daniedy01;Dyson Daniels;12:39;0;2;.000;0;0;;0;0;;0;1;1;1;1;0;0;1;0;0
25/03/2023;NOP;10;hernawi01;Willy Hernangómez;2:53;1;2;.500;0;0;;0;0;;1;1;2;0;1;0;0;0;2;+2
25/03/2023;NOP;11;templga01;Garrett Temple;2:53;0;0;;0;0;;0;0;;0;0;0;0;0;0;0;0;0;+2
25/03/2023;NOP;12;hayesja02;Jaxson Hayes;Did Not Play
25/03/2023;NOP;13;lewiski01;Kira Lewis Jr.;Did Not Play
25/03/2023;NOP;0;leonaka01;Kawhi Leonard;27:26;4;16;.250;0;6;.000;4;6;.667;1;5;6;4;2;0;2;1;12;-20
25/03/2023;NOP;1;westbru01;Russell Westbrook;25:51;4;12;.333;1;5;.200;5;5;1.000;0;3;3;5;0;0;4;2;14;-17
25/03/2023;NOP;2;gordoer01;Eric Gordon;24:09;5;5;1.000;3;3;1.000;2;2;1.000;0;3;3;1;1;0;2;0;15;-9
25/03/2023;NOP;3;morrima03;Marcus Morris;22:05;1;3;.333;0;1;.000;0;0;;0;2;2;1;0;0;0;0;2;-14
25/03/2023;NOP;4;zubaciv01;Ivica Zubac;17:30;6;7;.857;0;0;;1;2;.500;0;5;5;2;0;2;0;3;13;-14
25/03/2023;NOP;5;Reserves;Reserves
25/03/2023;NOP;6;hylanbo01;Bones Hyland;23:51;7;12;.583;3;8;.375;1;1;1.000;0;2;2;7;0;0;5;2;18;-12
25/03/2023;NOP;7;batumni01;Nicolas Batum;20:21;4;6;.667;4;6;.667;1;1;1.000;0;1;1;1;1;0;1;0;13;-6
25/03/2023;NOP;8;mannte01;Terance Mann;19:52;1;2;.500;1;1;1.000;2;2;1.000;0;1;1;2;1;0;2;3;5;-4
25/03/2023;NOP;9;plumlma01;Mason Plumlee;18:11;2;2;1.000;0;0;;1;2;.500;1;4;5;3;1;2;1;0;5;-8
25/03/2023;NOP;10;covinro01;Robert Covington;16:05;4;5;.800;3;3;1.000;0;0;;0;2;2;1;2;1;1;0;11;-2
25/03/2023;NOP;11;coffeam01;Amir Coffey;9:37;0;1;.000;0;0;;0;0;;0;0;0;0;0;1;1;0;0;0
25/03/2023;NOP;12;diabamo01;Moussa Diabaté;8:16;1;2;.500;0;0;;0;0;;0;0;0;0;1;0;0;2;2;0
25/03/2023;NOP;13;moonxa01;Xavier Moon;6:46;0;2;.000;0;0;;0;0;;0;1;1;2;0;0;0;1;0;+1
