dateId;teamId;order;playerId;Starters;MP;FG;FGA;FG%;3P;3PA;3P%;FT;FTA;FT%;ORB;DRB;TRB;AST;STL;BLK;TOV;PF;PTS;+/-
11/01/2023;HOU;0;greenja05;Jalen Green;38:57;9;25;.360;3;12;.250;5;7;.714;0;5;5;3;0;0;4;4;26;-14
11/01/2023;HOU;1;sengual01;Alperen Şengün;28:23;5;9;.556;0;0;;0;1;.000;2;8;10;10;1;0;2;4;10;-10
11/01/2023;HOU;2;smithja05;Jabari Smith Jr.;28:12;3;8;.375;0;3;.000;2;2;1.000;2;7;9;0;1;0;2;3;8;-7
11/01/2023;HOU;3;gordoer01;Eric Gordon;27:59;6;12;.500;3;7;.429;4;5;.800;0;1;1;2;0;0;0;0;19;-12
11/01/2023;HOU;4;porteke02;Kevin Porter Jr.;10:18;2;5;.400;1;2;.500;0;0;;0;3;3;3;1;0;0;0;5;-2
11/01/2023;HOU;5;Reserves;Reserves
11/01/2023;HOU;6;martike04;Kenyon Martin Jr.;26:50;9;13;.692;3;7;.429;0;2;.000;1;4;5;1;0;0;2;1;21;-21
11/01/2023;HOU;7;easonta01;Tari Eason;18:46;3;6;.500;1;2;.500;0;0;;1;2;3;0;0;0;2;2;7;-10
11/01/2023;HOU;8;tateja01;Jae'Sean Tate;18:45;1;5;.200;0;0;;0;0;;1;4;5;5;2;0;1;2;2;-5
11/01/2023;HOU;9;mathega01;Garrison Mathews;18:11;4;8;.500;4;6;.667;0;0;;0;2;2;3;1;1;0;2;12;-3
11/01/2023;HOU;10;fernabr01;Bruno Fernando;13:32;1;2;.500;0;0;;0;0;;1;2;3;2;0;2;0;2;2;-4
11/01/2023;HOU;11;garubus01;Usman Garuba;6:05;0;1;.000;0;1;.000;0;0;;0;2;2;0;1;0;0;3;0;-6
11/01/2023;HOU;12;nixda01;Daishen Nix;2:01;1;1;1.000;1;1;1.000;0;0;;0;0;0;1;0;0;0;0;3;-3
11/01/2023;HOU;13;chrisjo01;Josh Christopher;2:01;0;1;.000;0;0;;0;0;;0;0;0;0;0;0;0;0;0;-3
11/01/2023;HOU;14;marjabo01;Boban Marjanović;Did Not Play
11/01/2023;HOU;0;sabondo01;Domantas Sabonis;37:57;9;12;.750;0;0;;7;9;.778;2;12;14;9;0;0;4;3;25;+13
11/01/2023;HOU;1;murrake02;Keegan Murray;34:08;5;14;.357;4;11;.364;2;2;1.000;1;5;6;2;0;0;0;3;16;+5
11/01/2023;HOU;2;barneha02;Harrison Barnes;32:46;5;10;.500;3;7;.429;3;3;1.000;0;2;2;0;1;0;0;1;16;+17
11/01/2023;HOU;3;foxde01;De'Aaron Fox;32:02;9;18;.500;2;4;.500;4;6;.667;1;1;2;9;1;0;1;0;24;+11
11/01/2023;HOU;4;daviste02;Terence Davis;22:39;2;7;.286;2;7;.286;0;0;;0;6;6;2;0;1;2;2;6;+9
11/01/2023;HOU;5;Reserves;Reserves
11/01/2023;HOU;6;lylestr01;Trey Lyles;20:54;6;8;.750;3;5;.600;5;6;.833;1;6;7;0;0;2;0;1;20;+15
11/01/2023;HOU;7;monkma01;Malik Monk;20:40;3;13;.231;2;7;.286;3;3;1.000;2;1;3;3;0;0;1;2;11;+1
11/01/2023;HOU;8;mitchda01;Davion Mitchell;13:57;0;4;.000;0;3;.000;0;0;;1;0;1;2;1;0;0;1;0;+6
11/01/2023;HOU;9;okpalkz01;KZ Okpala;9:19;1;2;.500;1;2;.500;0;0;;0;2;2;0;0;0;0;2;3;+7
11/01/2023;HOU;10;metuch01;Chimezie Metu;8:02;2;3;.667;0;0;;2;2;1.000;1;1;2;0;0;0;1;4;6;+4
11/01/2023;HOU;11;dellama01;Matthew Dellavedova;2:01;1;1;1.000;0;0;;0;0;;0;0;0;0;0;0;0;0;2;+3
11/01/2023;HOU;12;holmeri01;Richaun Holmes;2:01;0;0;;0;0;;0;0;;0;0;0;1;0;1;0;0;0;+3
11/01/2023;HOU;13;doziepj01;PJ Dozier;1:47;1;1;1.000;1;1;1.000;0;0;;0;0;0;0;1;0;0;0;3;+3
11/01/2023;HOU;14;elliske01;Keon Ellis;1:47;1;1;1.000;1;1;1.000;0;0;;0;0;0;0;0;0;0;0;3;+3
11/01/2023;HOU;15;lenal01;Alex Len;Did Not Play
