dateId;teamId;order;playerId;Starters;MP;FG;FGA;FG%;3P;3PA;3P%;FT;FTA;FT%;ORB;DRB;TRB;AST;STL;BLK;TOV;PF;PTS;+/-
04/12/2022;IND;0;hieldbu01;Buddy Hield;37:45;8;17;.471;4;9;.444;2;3;.667;3;8;11;3;1;1;2;2;22;-4
04/12/2022;IND;1;nembhan01;Andrew Nembhard;37:20;7;12;.583;2;6;.333;0;0;;1;5;6;8;1;0;3;2;16;-15
04/12/2022;IND;2;turnemy01;Myles Turner;28:04;10;17;.588;3;6;.500;1;1;1.000;3;6;9;2;0;0;4;5;24;+1
04/12/2022;IND;3;nesmiaa01;Aaron Nesmith;24:08;3;8;.375;0;3;.000;4;4;1.000;0;3;3;1;3;0;1;4;10;-19
04/12/2022;IND;4;smithja04;Jalen Smith;16:36;3;8;.375;0;3;.000;0;0;;2;1;3;3;0;2;0;0;6;-15
04/12/2022;IND;5;Reserves;Reserves
04/12/2022;IND;6;mathube01;Bennedict Mathurin;32:11;5;15;.333;0;2;.000;0;0;;0;3;3;1;2;0;1;2;10;-10
04/12/2022;IND;7;brissos01;Oshae Brissett;26:52;2;3;.667;1;2;.500;0;0;;0;5;5;2;2;0;1;2;5;-4
04/12/2022;IND;8;jacksis01;Isaiah Jackson;16:01;2;7;.286;0;0;;3;4;.750;2;1;3;1;0;2;0;3;7;-8
04/12/2022;IND;9;queentr01;Trevelin Queen;12:59;0;2;.000;0;2;.000;0;0;;1;0;1;1;1;0;2;0;0;+6
04/12/2022;IND;10;johnsja01;James Johnson;3:57;0;1;.000;0;0;;0;0;;0;0;0;0;0;0;1;2;0;-12
04/12/2022;IND;11;brownke03;Kendall Brown;2:09;0;1;.000;0;0;;0;0;;0;0;0;0;0;0;0;0;0;+1
04/12/2022;IND;12;taylote01;Terry Taylor;1:57;0;0;;0;0;;0;0;;0;0;0;0;0;0;0;0;0;-1
04/12/2022;IND;13;bitadgo01;Goga Bitadze;Did Not Play
04/12/2022;IND;0;simonan01;Anfernee Simons;35:43;8;14;.571;5;9;.556;1;1;1.000;0;3;3;6;1;0;1;2;22;-8
04/12/2022;IND;1;grantje01;Jerami Grant;32:57;9;21;.429;3;10;.300;7;7;1.000;3;2;5;3;0;0;2;2;28;+28
04/12/2022;IND;2;hartjo01;Josh Hart;32:40;5;8;.625;1;3;.333;0;0;;4;6;10;3;3;0;2;1;11;+27
04/12/2022;IND;3;lillada01;Damian Lillard;32:02;7;16;.438;5;10;.500;2;2;1.000;0;4;4;6;1;1;4;4;21;+30
04/12/2022;IND;4;nurkiju01;Jusuf Nurkić;27:46;7;12;.583;2;3;.667;3;7;.429;1;5;6;4;1;1;1;2;19;+2
04/12/2022;IND;5;Reserves;Reserves
04/12/2022;IND;6;winslju01;Justise Winslow;23:30;2;6;.333;0;1;.000;0;0;;3;3;6;3;2;0;3;2;4;+13
04/12/2022;IND;7;sharpsh01;Shaedon Sharpe;17:44;2;4;.500;1;3;.333;1;3;.333;0;3;3;1;1;0;1;2;6;-11
04/12/2022;IND;8;watfotr01;Trendon Watford;17:27;1;2;.500;0;0;;0;0;;0;2;2;4;0;0;1;1;2;-12
04/12/2022;IND;9;eubandr01;Drew Eubanks;15:53;1;3;.333;0;1;.000;0;0;;0;5;5;2;1;1;0;0;2;+13
04/12/2022;IND;10;browngr01;Greg Brown III;2:09;0;0;;0;0;;1;2;.500;0;1;1;0;0;0;0;1;1;-1
04/12/2022;IND;11;walkeja01;Jabari Walker;2:09;0;0;;0;0;;0;0;;0;0;0;0;0;0;0;0;0;-1
04/12/2022;IND;12;johnske07;Keon Johnson;Did Not Dress
