dateId;teamId;order;playerId;Starters;MP;FG;FGA;FG%;3P;3PA;3P%;FT;FTA;FT%;ORB;DRB;TRB;AST;STL;BLK;TOV;PF;PTS;+/-
30/10/2022;WAS;0;bealbr01;Bradley Beal;37:22;4;16;.250;2;7;.286;2;2;1.000;0;1;1;8;1;1;1;0;12;-13
30/10/2022;WAS;1;kuzmaky01;Kyle Kuzma;28:27;3;13;.231;1;5;.200;2;2;1.000;1;7;8;1;1;0;0;3;9;-20
30/10/2022;WAS;2;porzikr01;Kristaps Porziņģis;27:55;8;16;.500;0;4;.000;1;2;.500;7;6;13;1;0;2;3;3;17;-4
30/10/2022;WAS;3;morrimo01;Monte Morris;27:18;1;7;.143;0;2;.000;1;1;1.000;0;7;7;2;0;0;0;1;3;-26
30/10/2022;WAS;4;avdijde01;Deni Avdija;11:01;2;4;.500;1;1;1.000;1;2;.500;0;1;1;1;0;0;0;2;6;-9
30/10/2022;WAS;5;Reserves;Reserves
30/10/2022;WAS;6;hachiru01;Rui Hachimura;22:28;5;12;.417;1;4;.250;2;4;.500;3;6;9;3;0;1;1;1;13;-17
30/10/2022;WAS;7;gillan01;Anthony Gill;18:41;4;6;.667;0;1;.000;2;2;1.000;3;2;5;2;1;0;0;2;10;+8
30/10/2022;WAS;8;goodwjo01;Jordan Goodwin;18:20;3;4;.750;0;1;.000;0;0;;0;2;2;2;1;1;1;1;6;+8
30/10/2022;WAS;9;bartowi01;Will Barton;14:29;2;8;.250;0;3;.000;0;1;.000;0;2;2;1;0;0;0;1;4;-16
30/10/2022;WAS;10;gaffoda01;Daniel Gafford;10:03;0;1;.000;0;0;;0;0;;1;0;1;0;0;1;2;1;0;-16
30/10/2022;WAS;11;davisjo06;Johnny Davis;8:17;1;3;.333;0;0;;0;0;;0;1;1;0;0;0;0;4;2;+3
30/10/2022;WAS;12;gibsota01;Taj Gibson;5:13;3;4;.750;1;2;.500;0;0;;0;1;1;0;0;0;0;0;7;+4
30/10/2022;WAS;13;schakjo01;Jordan Schakel;5:13;1;2;.500;1;1;1.000;0;0;;0;0;0;1;1;0;0;1;3;+4
30/10/2022;WAS;14;toddis01;Isaiah Todd;5:13;1;2;.500;0;1;.000;0;0;;0;0;0;0;0;0;0;0;2;+4
30/10/2022;WAS;15;careyve01;Vernon Carey Jr.;Did Not Play
30/10/2022;WAS;0;brownja02;Jaylen Brown;29:58;7;18;.389;4;9;.444;6;6;1.000;0;10;10;2;0;0;2;1;24;+13
30/10/2022;WAS;1;smartma01;Marcus Smart;29:01;2;6;.333;1;5;.200;2;2;1.000;0;3;3;6;2;0;0;2;7;+11
30/10/2022;WAS;2;tatumja01;Jayson Tatum;27:25;8;15;.533;5;10;.500;2;2;1.000;0;4;4;3;1;0;4;0;23;+10
30/10/2022;WAS;3;whitede01;Derrick White;23:36;2;6;.333;1;2;.500;0;0;;1;4;5;2;0;0;0;3;5;+15
30/10/2022;WAS;4;horfoal01;Al Horford;23:32;2;7;.286;1;5;.200;0;0;;2;6;8;1;0;1;1;2;5;+9
30/10/2022;WAS;5;Reserves;Reserves
30/10/2022;WAS;6;willigr01;Grant Williams;24:45;4;6;.667;2;3;.667;0;0;;0;3;3;3;0;1;0;1;10;+8
30/10/2022;WAS;7;brogdma01;Malcolm Brogdon;23:19;6;12;.500;3;5;.600;8;8;1.000;0;2;2;4;0;0;0;0;23;+9
30/10/2022;WAS;8;hausesa01;Sam Hauser;22:51;3;5;.600;3;5;.600;0;0;;0;5;5;2;1;1;0;1;9;+11
30/10/2022;WAS;9;kornelu01;Luke Kornet;19:15;1;1;1.000;1;1;1.000;0;0;;1;3;4;3;0;2;3;3;3;+13
30/10/2022;WAS;10;pritcpa01;Payton Pritchard;7:24;0;1;.000;0;1;.000;1;2;.500;0;0;0;2;0;0;2;1;1;+1
30/10/2022;WAS;11;vonleno01;Noah Vonleh;5:13;1;1;1.000;0;0;;0;0;;0;3;3;1;0;0;1;0;2;-4
30/10/2022;WAS;12;jacksju01;Justin Jackson;3:41;0;1;.000;0;1;.000;0;0;;0;0;0;0;0;0;0;1;0;-6
30/10/2022;WAS;13;griffbl01;Blake Griffin;Did Not Play
