dateId;teamId;order;playerId;Starters;MP;FG;FGA;FG%;3P;3PA;3P%;FT;FTA;FT%;ORB;DRB;TRB;AST;STL;BLK;TOV;PF;PTS;+/-
03/12/2022;HOU;0;porteke02;Kevin Porter Jr.;32:24;6;16;.375;1;9;.111;7;7;1.000;0;3;3;4;2;0;4;3;20;-17
03/12/2022;HOU;1;greenja05;Jalen Green;30:46;6;19;.316;0;5;.000;1;1;1.000;0;1;1;3;1;0;2;0;13;-18
03/12/2022;HOU;2;martike04;Kenyon Martin Jr.;27:36;5;11;.455;0;3;.000;3;3;1.000;4;3;7;1;0;0;0;1;13;-27
03/12/2022;HOU;3;smithja05;Jabari Smith Jr.;22:53;3;7;.429;0;2;.000;0;0;;2;3;5;0;0;0;3;3;6;-32
03/12/2022;HOU;4;sengual01;Alperen Şengün;20:07;6;9;.667;0;0;;0;0;;1;3;4;1;0;1;1;2;12;-24
03/12/2022;HOU;5;Reserves;Reserves
03/12/2022;HOU;6;easonta01;Tari Eason;29:08;6;10;.600;0;0;;1;2;.500;3;7;10;1;0;0;0;1;13;+10
03/12/2022;HOU;7;nixda01;Daishen Nix;19:32;2;8;.250;1;6;.167;1;2;.500;2;2;4;4;0;0;3;1;6;-5
03/12/2022;HOU;8;mathega01;Garrison Mathews;18:31;1;3;.333;1;3;.333;3;3;1.000;0;1;1;2;1;0;1;0;6;+9
03/12/2022;HOU;9;garubus01;Usman Garuba;17:06;2;3;.667;0;0;;0;0;;2;8;10;0;0;1;0;2;4;-1
03/12/2022;HOU;10;chrisjo01;Josh Christopher;11:10;2;4;.500;0;0;;2;2;1.000;0;0;0;1;1;1;0;0;6;+4
03/12/2022;HOU;11;fernabr01;Bruno Fernando;10:47;1;1;1.000;0;0;;0;0;;0;0;0;0;1;1;1;1;2;+6
03/12/2022;HOU;12;marjabo01;Boban Marjanović;Did Not Play
03/12/2022;HOU;0;curryst01;Stephen Curry;34:32;10;21;.476;8;17;.471;2;3;.667;0;3;3;10;1;1;4;0;30;+19
03/12/2022;HOU;1;wiggian01;Andrew Wiggins;33:46;14;19;.737;8;10;.800;0;2;.000;2;3;5;2;2;1;1;1;36;+34
03/12/2022;HOU;2;greendr01;Draymond Green;31:45;1;6;.167;1;5;.200;0;0;;2;4;6;6;1;1;2;3;3;+22
03/12/2022;HOU;3;poolejo01;Jordan Poole;27:42;8;14;.571;5;8;.625;0;0;;0;2;2;5;1;0;2;4;21;+25
03/12/2022;HOU;4;looneke01;Kevon Looney;27:13;3;4;.750;0;0;;3;5;.600;0;12;12;2;0;1;0;2;9;+19
03/12/2022;HOU;5;Reserves;Reserves
03/12/2022;HOU;6;divindo01;Donte DiVincenzo;20:27;0;5;.000;0;5;.000;0;0;;1;1;2;5;2;0;2;4;0;+2
03/12/2022;HOU;7;kuminjo01;Jonathan Kuminga;17:35;1;3;.333;0;1;.000;0;0;;0;1;1;1;0;0;1;3;2;-8
03/12/2022;HOU;8;lamban01;Anthony Lamb;17:26;1;3;.333;0;2;.000;0;0;;0;0;0;1;0;1;1;5;2;-3
03/12/2022;HOU;9;moodymo01;Moses Moody;17:00;4;5;.800;3;3;1.000;0;0;;0;1;1;1;0;0;0;0;11;-16
03/12/2022;HOU;10;greenja01;JaMychal Green;10:27;2;4;.500;0;1;.000;0;0;;1;2;3;0;1;0;0;2;4;-2
03/12/2022;HOU;11;jeromty01;Ty Jerome;2:07;1;1;1.000;0;0;;0;0;;0;0;0;1;0;0;0;0;2;+3
