dateId;teamId;order;playerId;Starters;MP;FG;FGA;FG%;3P;3PA;3P%;FT;FTA;FT%;ORB;DRB;TRB;AST;STL;BLK;TOV;PF;PTS;+/-
21/12/2022;GSW;0;moodymo01;Moses Moody;30:55;7;11;.636;3;5;.600;0;0;;0;1;1;3;1;0;0;3;17;-14
21/12/2022;GSW;1;kuminjo01;Jonathan Kuminga;30:15;1;9;.111;0;2;.000;2;4;.500;2;4;6;4;1;0;4;2;4;-23
21/12/2022;GSW;2;poolejo01;Jordan Poole;26:11;4;17;.235;1;11;.091;4;4;1.000;0;1;1;2;1;0;7;1;13;-31
21/12/2022;GSW;3;greendr01;Draymond Green;23:16;1;2;.500;0;1;.000;0;0;;0;4;4;6;0;0;2;2;2;-27
21/12/2022;GSW;4;looneke01;Kevon Looney;16:55;2;5;.400;0;0;;2;2;1.000;4;3;7;1;0;0;1;3;6;-10
21/12/2022;GSW;5;Reserves;Reserves
21/12/2022;GSW;6;lamban01;Anthony Lamb;29:02;2;5;.400;1;4;.250;1;2;.500;1;3;4;4;1;0;4;1;6;-18
21/12/2022;GSW;7;wisemja01;James Wiseman;27:48;12;14;.857;1;1;1.000;5;8;.625;1;5;6;2;0;1;1;1;30;-12
21/12/2022;GSW;8;jeromty01;Ty Jerome;26:21;5;9;.556;1;1;1.000;3;3;1.000;1;2;3;7;1;0;1;1;14;-14
21/12/2022;GSW;9;baldwpa01;Patrick Baldwin Jr.;23:18;6;10;.600;5;8;.625;0;0;;0;3;3;0;0;0;0;0;17;-3
21/12/2022;GSW;10;rolliry01;Ryan Rollins;5:59;1;1;1.000;0;0;;2;2;1.000;0;1;1;3;1;0;1;0;4;+2
21/12/2022;GSW;11;thompkl01;Klay Thompson;Did Not Play
21/12/2022;GSW;0;duranke01;Kevin Durant;29:06;9;17;.529;1;3;.333;4;4;1.000;0;7;7;5;4;0;2;2;23;+29
21/12/2022;GSW;1;onealro01;Royce O'Neale;26:50;5;7;.714;4;6;.667;0;0;;0;0;0;2;0;2;3;2;14;+28
21/12/2022;GSW;2;claxtni01;Nic Claxton;25:30;4;6;.667;0;0;;2;2;1.000;3;4;7;5;1;2;0;2;10;+31
21/12/2022;GSW;3;harrijo01;Joe Harris;18:51;4;5;.800;3;4;.750;0;0;;0;1;1;3;1;0;1;1;11;+24
21/12/2022;GSW;4;simmobe01;Ben Simmons;18:38;5;7;.714;0;0;;0;2;.000;0;4;4;8;1;0;1;4;10;+16
21/12/2022;GSW;5;Reserves;Reserves
21/12/2022;GSW;6;sumneed01;Edmond Sumner;26:34;5;8;.625;1;3;.333;5;5;1.000;0;1;1;2;0;0;2;2;16;+7
21/12/2022;GSW;7;warretj01;T.J. Warren;21:41;5;10;.500;2;3;.667;0;0;;0;5;5;4;1;0;1;2;12;+15
21/12/2022;GSW;8;watanyu01;Yuta Watanabe;19:35;3;5;.600;2;3;.667;0;0;;0;2;2;0;0;0;0;2;8;-3
21/12/2022;GSW;9;curryse01;Seth Curry;18:33;4;6;.667;1;3;.333;3;3;1.000;0;2;2;6;1;0;0;3;12;-3
21/12/2022;GSW;10;millspa02;Patty Mills;12:52;5;5;1.000;3;3;1.000;0;0;;0;0;0;3;1;0;2;1;13;0
21/12/2022;GSW;11;morrima02;Markieff Morris;12:52;3;5;.600;3;4;.750;0;0;;0;1;1;2;0;0;0;2;9;0
21/12/2022;GSW;12;thomaca02;Cam Thomas;8:58;2;3;.667;1;1;1.000;0;0;;0;2;2;2;0;0;2;0;5;+6
21/12/2022;GSW;13;irvinky01;Kyrie Irving;Did Not Dress
