dateId;teamId;order;playerId;Starters;MP;FG;FGA;FG%;3P;3PA;3P%;FT;FTA;FT%;ORB;DRB;TRB;AST;STL;BLK;TOV;PF;PTS;+/-
07/04/2023;PHO;0;okogijo01;Josh Okogie;29:25;3;10;.300;2;6;.333;8;8;1.000;2;4;6;2;0;0;0;0;16;-2
07/04/2023;PHO;1;craigto01;Torrey Craig;28:54;8;12;.667;2;5;.400;0;0;;3;3;6;1;1;4;0;1;18;-7
07/04/2023;PHO;2;shamela01;Landry Shamet;22:13;2;9;.222;2;5;.400;1;1;1.000;0;4;4;5;3;0;1;2;7;+9
07/04/2023;PHO;3;payneca01;Cameron Payne;15:26;5;13;.385;1;4;.250;2;2;1.000;0;1;1;4;0;0;2;1;13;+6
07/04/2023;PHO;4;biyombi01;Bismack Biyombo;11:31;2;3;.667;0;0;;0;0;;1;4;5;1;0;3;0;1;4;+2
07/04/2023;PHO;5;Reserves;Reserves
07/04/2023;PHO;6;landajo01;Jock Landale;29:32;8;13;.615;0;1;.000;1;3;.333;2;8;10;2;0;0;2;2;17;-13
07/04/2023;PHO;7;rosste01;Terrence Ross;28:34;5;11;.455;0;3;.000;0;0;;1;2;3;6;1;1;1;1;10;-18
07/04/2023;PHO;8;wainris01;Ish Wainright;25:00;1;8;.125;0;7;.000;0;0;;0;3;3;0;0;1;0;0;2;-16
07/04/2023;PHO;9;leesa01;Saben Lee;24:24;4;12;.333;1;2;.500;0;0;;1;3;4;2;1;0;0;2;9;-19
07/04/2023;PHO;10;leeda03;Damion Lee;18:04;3;9;.333;1;2;.500;0;0;;3;1;4;0;0;0;2;0;7;-9
07/04/2023;PHO;11;bazleda01;Darius Bazley;6:57;2;4;.500;0;1;.000;0;0;;0;1;1;0;1;1;1;2;4;-3
07/04/2023;PHO;0;davisan02;Anthony Davis;33:58;4;12;.333;0;1;.000;6;7;.857;4;17;21;4;0;3;1;1;14;+17
07/04/2023;PHO;1;russeda01;D'Angelo Russell;33:23;9;14;.643;6;9;.667;0;0;;0;3;3;3;0;0;6;2;24;+9
07/04/2023;PHO;2;reaveau01;Austin Reaves;31:15;9;13;.692;1;4;.250;3;5;.600;0;0;0;5;1;0;2;1;22;+18
07/04/2023;PHO;3;jamesle01;LeBron James;29:21;6;19;.316;3;7;.429;1;2;.500;0;6;6;6;0;0;5;1;16;+11
07/04/2023;PHO;4;vandeja01;Jarred Vanderbilt;16:45;0;2;.000;0;0;;0;0;;0;4;4;0;0;0;0;1;0;-7
07/04/2023;PHO;5;Reserves;Reserves
07/04/2023;PHO;6;beaslma01;Malik Beasley;25:24;7;14;.500;4;10;.400;3;3;1.000;0;2;2;2;2;0;0;3;21;+13
07/04/2023;PHO;7;browntr01;Troy Brown Jr.;24:04;3;6;.500;2;2;1.000;0;0;;2;4;6;3;2;0;0;1;8;+3
07/04/2023;PHO;8;hachiru01;Rui Hachimura;22:47;5;8;.625;1;1;1.000;0;0;;2;3;5;2;0;0;0;0;11;+17
07/04/2023;PHO;9;gabriwe01;Wenyen Gabriel;8:29;0;0;;0;0;;0;0;;0;3;3;0;1;1;1;0;0;-3
07/04/2023;PHO;10;walkelo01;Lonnie Walker IV;6:25;1;1;1.000;1;1;1.000;0;0;;0;1;1;0;0;1;0;0;3;-2
07/04/2023;PHO;11;bambamo01;Mo Bamba;6:25;1;3;.333;0;1;.000;0;0;;2;1;3;0;0;1;0;2;2;-2
07/04/2023;PHO;12;chrisma02;Max Christie;0:52;0;0;;0;0;;0;0;;0;0;0;0;0;0;0;0;0;-2
07/04/2023;PHO;13;reedda01;Davon Reed;0:52;0;0;;0;0;;0;0;;0;0;0;0;0;0;0;0;0;-2
07/04/2023;PHO;14;schrode01;Dennis Schröder;Did Not Dress
