dateId;teamId;order;playerId;Starters;MP;FG;FGA;FG%;3P;3PA;3P%;FT;FTA;FT%;ORB;DRB;TRB;AST;STL;BLK;TOV;PF;PTS;+/-
22/03/2023;DEN;0;jokicni01;Nikola Jokić;33:36;12;16;.750;2;3;.667;5;5;1.000;5;7;12;7;3;0;2;1;31;+28
22/03/2023;DEN;1;murraja01;Jamal Murray;33:08;7;13;.538;3;6;.500;0;0;;1;5;6;8;0;0;2;2;17;+22
22/03/2023;DEN;2;portemi01;Michael Porter Jr.;30:44;7;16;.438;6;9;.667;1;1;1.000;2;5;7;2;2;0;1;1;21;+28
22/03/2023;DEN;3;gordoaa01;Aaron Gordon;30:44;4;6;.667;2;3;.667;2;2;1.000;0;1;1;1;1;0;1;0;12;+28
22/03/2023;DEN;4;caldwke01;Kentavious Caldwell-Pope;29:27;2;9;.222;0;4;.000;2;3;.667;0;3;3;4;1;0;0;1;6;+6
22/03/2023;DEN;5;Reserves;Reserves
22/03/2023;DEN;6;brownbr01;Bruce Brown;29:07;5;10;.500;0;1;.000;4;4;1.000;2;4;6;2;0;2;2;3;14;+5
22/03/2023;DEN;7;braunch01;Christian Braun;16:06;0;3;.000;0;3;.000;0;0;;0;3;3;2;0;0;0;3;0;-7
22/03/2023;DEN;8;greenje02;Jeff Green;14:32;3;6;.500;2;3;.667;3;4;.750;0;0;0;0;0;0;0;3;11;-8
22/03/2023;DEN;9;nnajize01;Zeke Nnaji;11:40;0;0;;0;0;;2;2;1.000;0;2;2;0;0;0;1;3;2;-8
22/03/2023;DEN;10;bryanth01;Thomas Bryant;2:44;2;3;.667;0;0;;0;0;;1;0;1;0;0;0;0;0;4;-6
22/03/2023;DEN;11;cancavl01;Vlatko Čančar;2:44;0;0;;0;0;;0;0;;0;0;0;0;0;0;1;0;0;-6
22/03/2023;DEN;12;smithis01;Ish Smith;2:44;0;1;.000;0;0;;0;0;;0;0;0;1;0;0;0;0;0;-6
22/03/2023;DEN;13;watsope01;Peyton Watson;2:44;0;0;;0;0;;0;0;;0;0;0;1;0;0;0;1;0;-6
22/03/2023;DEN;14;jacksre01;Reggie Jackson;Did Not Play
22/03/2023;DEN;15;jordade01;DeAndre Jordan;Did Not Play
22/03/2023;DEN;0;avdijde01;Deni Avdija;31:41;7;9;.778;1;2;.500;1;2;.500;0;8;8;6;0;0;4;1;16;-23
22/03/2023;DEN;1;kispeco01;Corey Kispert;30:34;3;10;.300;1;7;.143;2;2;1.000;1;2;3;2;0;0;0;0;9;-12
22/03/2023;DEN;2;gaffoda01;Daniel Gafford;28:33;3;6;.500;0;0;;0;0;;2;3;5;0;0;1;0;5;6;-14
22/03/2023;DEN;3;morrimo01;Monte Morris;23:48;4;10;.400;0;3;.000;0;0;;1;1;2;5;2;0;1;0;8;-16
22/03/2023;DEN;4;porzikr01;Kristaps Porziņģis;22:14;11;17;.647;1;3;.333;2;2;1.000;0;3;3;2;0;0;1;3;25;-18
22/03/2023;DEN;5;Reserves;Reserves
22/03/2023;DEN;6;davisjo06;Johnny Davis;23:21;3;9;.333;0;3;.000;1;2;.500;2;1;3;0;1;0;0;4;7;+14
22/03/2023;DEN;7;wrighde01;Delon Wright;20:33;3;6;.500;0;1;.000;1;2;.500;1;2;3;2;0;2;0;1;7;-4
22/03/2023;DEN;8;goodwjo01;Jordan Goodwin;18:16;5;8;.625;0;3;.000;2;2;1.000;0;4;4;1;0;0;1;1;12;-4
22/03/2023;DEN;9;gibsota01;Taj Gibson;11:26;0;2;.000;0;0;;0;0;;1;0;1;0;0;1;0;0;0;-9
22/03/2023;DEN;10;gillan01;Anthony Gill;10:16;1;2;.500;0;0;;1;2;.500;1;2;3;0;0;0;0;0;3;-1
22/03/2023;DEN;11;nunnke01;Kendrick Nunn;8:21;3;4;.750;1;2;.500;0;0;;0;0;0;1;0;0;0;0;7;-1
22/03/2023;DEN;12;huffja01;Jay Huff;3:39;0;1;.000;0;1;.000;2;2;1.000;0;1;1;1;0;0;0;0;2;+6
22/03/2023;DEN;13;jacksqu01;Quenton Jackson;3:39;1;3;.333;0;1;.000;0;0;;0;0;0;0;1;0;0;0;2;+6
22/03/2023;DEN;14;cooksxa01;Xavier Cooks;3:39;0;0;;0;0;;0;0;;1;0;1;0;0;0;0;0;0;+6
