dateId;teamId;order;playerId;Starters;MP;FG;FGA;FG%;3P;3PA;3P%;FT;FTA;FT%;ORB;DRB;TRB;AST;STL;BLK;TOV;PF;PTS;+/-
02/01/2023;DET;0;stewais01;Isaiah Stewart;28:21;3;8;.375;0;2;.000;3;4;.750;0;6;6;1;0;1;3;3;9;-25
02/01/2023;DET;1;beysa01;Saddiq Bey;27:05;2;6;.333;1;2;.500;4;5;.800;1;4;5;0;2;0;2;2;9;-26
02/01/2023;DET;2;iveyja01;Jaden Ivey;26:43;3;11;.273;1;3;.333;6;9;.667;0;3;3;2;0;0;5;5;13;-31
02/01/2023;DET;3;bogdabo02;Bojan Bogdanović;25:24;8;15;.533;2;3;.667;3;3;1.000;0;2;2;3;0;0;1;1;21;-12
02/01/2023;DET;4;durenja01;Jalen Duren;22:11;2;6;.333;0;0;;1;2;.500;5;6;11;3;1;1;0;2;5;-14
02/01/2023;DET;5;Reserves;Reserves
02/01/2023;DET;6;burksal01;Alec Burks;24:15;5;11;.455;1;3;.333;8;9;.889;0;3;3;3;0;0;1;0;19;-8
02/01/2023;DET;7;josepco01;Cory Joseph;21:17;2;6;.333;0;1;.000;0;0;;0;3;3;3;1;0;3;2;4;+2
02/01/2023;DET;8;diallha01;Hamidou Diallo;20:45;7;9;.778;1;1;1.000;1;3;.333;1;3;4;1;2;2;2;4;16;-1
02/01/2023;DET;9;mcgruro01;Rodney McGruder;17:57;0;3;.000;0;2;.000;2;2;1.000;1;2;3;0;1;0;1;4;2;-17
02/01/2023;DET;10;knoxke01;Kevin Knox;12:00;1;3;.333;0;1;.000;2;2;1.000;0;3;3;0;0;0;1;1;4;-9
02/01/2023;DET;11;baglema01;Marvin Bagley III;8:20;1;3;.333;0;0;;2;2;1.000;1;1;2;0;0;0;1;2;4;-2
02/01/2023;DET;12;noelne01;Nerlens Noel;5:42;0;1;.000;0;0;;0;0;;0;0;0;0;1;0;1;1;0;-2
02/01/2023;DET;13;hayeski01;Killian Hayes;Player Suspended
02/01/2023;DET;0;simonan01;Anfernee Simons;33:18;11;18;.611;4;10;.400;4;5;.800;0;5;5;3;2;0;2;1;30;+17
02/01/2023;DET;1;lillada01;Damian Lillard;28:51;7;14;.500;3;6;.500;2;3;.667;0;5;5;10;4;2;2;2;19;+28
02/01/2023;DET;2;hartjo01;Josh Hart;28:00;2;5;.400;0;0;;2;2;1.000;0;6;6;7;0;0;2;2;6;+27
02/01/2023;DET;3;grantje01;Jerami Grant;27:54;12;17;.706;5;8;.625;7;9;.778;1;1;2;0;1;0;2;1;36;+27
02/01/2023;DET;4;nurkiju01;Jusuf Nurkić;13:36;1;3;.333;0;1;.000;1;2;.500;0;2;2;1;1;0;2;3;3;+14
02/01/2023;DET;5;Reserves;Reserves
02/01/2023;DET;6;eubandr01;Drew Eubanks;29:20;3;5;.600;0;0;;4;5;.800;3;7;10;2;3;3;0;0;10;+20
02/01/2023;DET;7;sharpsh01;Shaedon Sharpe;20:29;4;8;.500;1;2;.500;1;2;.500;0;3;3;0;1;0;1;6;10;+4
02/01/2023;DET;8;walkeja01;Jabari Walker;20:06;2;3;.667;0;1;.000;0;0;;2;4;6;1;0;1;0;2;4;+2
02/01/2023;DET;9;paytoga02;Gary Payton II;13:27;3;4;.750;1;1;1.000;0;0;;0;2;2;4;2;0;2;2;7;-1
02/01/2023;DET;10;watfotr01;Trendon Watford;10:46;0;1;.000;0;1;.000;1;1;1.000;0;0;0;0;0;0;3;4;1;-3
02/01/2023;DET;11;johnske07;Keon Johnson;8:31;2;4;.500;0;0;;0;2;.000;0;2;2;1;2;0;2;3;4;+8
02/01/2023;DET;12;browngr01;Greg Brown III;5:42;1;2;.500;0;1;.000;3;4;.750;0;1;1;0;0;0;0;1;5;+2
