dateId;teamId;order;playerId;Starters;MP;FG;FGA;FG%;3P;3PA;3P%;FT;FTA;FT%;ORB;DRB;TRB;AST;STL;BLK;TOV;PF;PTS;+/-
06/02/2023;CLE;0;allenja01;Jarrett Allen;37:23;10;13;.769;0;0;;3;4;.750;1;7;8;3;0;2;2;1;23;+24
06/02/2023;CLE;1;mobleev01;Evan Mobley;28:26;7;13;.538;0;0;;2;3;.667;4;1;5;2;2;2;1;3;16;+23
06/02/2023;CLE;2;garlada01;Darius Garland;28:22;9;15;.600;5;9;.556;0;2;.000;0;2;2;5;3;0;3;1;23;+18
06/02/2023;CLE;3;mitchdo01;Donovan Mitchell;28:06;8;16;.500;3;9;.333;2;2;1.000;0;6;6;5;1;0;3;1;21;+25
06/02/2023;CLE;4;okorois01;Isaac Okoro;25:59;4;6;.667;2;3;.667;2;3;.667;0;2;2;3;0;0;1;0;12;+23
06/02/2023;CLE;5;Reserves;Reserves
06/02/2023;CLE;6;leverca01;Caris LeVert;26:24;3;5;.600;1;2;.500;3;4;.750;0;8;8;4;2;0;3;2;10;+1
06/02/2023;CLE;7;wadede01;Dean Wade;25:44;0;0;;0;0;;0;0;;1;3;4;1;0;0;0;3;0;+1
06/02/2023;CLE;8;osmande01;Cedi Osman;13:52;1;5;.200;1;3;.333;0;0;;1;1;2;3;1;1;0;1;3;+8
06/02/2023;CLE;9;netora01;Raul Neto;9:17;1;2;.500;0;1;.000;0;0;;0;3;3;0;0;0;1;0;2;-5
06/02/2023;CLE;10;stevela01;Lamar Stevens;7:35;1;2;.500;0;1;.000;0;0;;0;1;1;0;0;0;1;1;2;-3
06/02/2023;CLE;11;lopezro01;Robin Lopez;4:26;0;0;;0;0;;2;2;1.000;0;1;1;0;0;0;1;0;2;0
06/02/2023;CLE;12;diakima01;Mamadi Diakite;4:26;0;1;.000;0;1;.000;0;0;;0;1;1;0;0;1;0;2;0;0
06/02/2023;CLE;13;mobleis01;Isaiah Mobley;0:00;0;0;;0;0;;0;0;;0;0;0;0;0;0;0;0;0;
06/02/2023;CLE;14;loveke01;Kevin Love;Did Not Play
06/02/2023;CLE;0;avdijde01;Deni Avdija;30:02;3;10;.300;1;4;.250;5;5;1.000;0;4;4;3;2;0;3;2;12;-23
06/02/2023;CLE;1;porzikr01;Kristaps Porziņģis;26:11;7;13;.538;1;6;.167;3;3;1.000;1;6;7;1;0;1;2;3;18;-21
06/02/2023;CLE;2;kispeco01;Corey Kispert;25:40;1;7;.143;0;5;.000;0;0;;0;1;1;1;0;0;1;1;2;-13
06/02/2023;CLE;3;gaffoda01;Daniel Gafford;23:57;5;6;.833;0;0;;1;1;1.000;2;6;8;1;0;3;2;2;11;-13
06/02/2023;CLE;4;morrimo01;Monte Morris;22:28;4;8;.500;2;4;.500;0;0;;0;3;3;7;1;0;2;0;10;-23
06/02/2023;CLE;5;Reserves;Reserves
06/02/2023;CLE;6;bartowi01;Will Barton;27:11;6;13;.462;1;5;.200;2;4;.500;1;5;6;0;1;0;1;1;15;-7
06/02/2023;CLE;7;gillan01;Anthony Gill;20:41;2;4;.500;1;1;1.000;1;2;.500;2;0;2;1;0;0;1;2;6;0
06/02/2023;CLE;8;wrighde01;Delon Wright;19:15;0;3;.000;0;1;.000;0;0;;0;3;3;3;1;0;0;2;0;-2
06/02/2023;CLE;9;nunnke01;Kendrick Nunn;15:24;3;6;.500;0;1;.000;2;2;1.000;0;0;0;3;1;0;2;2;8;-8
06/02/2023;CLE;10;gibsota01;Taj Gibson;12:31;3;6;.500;0;0;;0;0;;1;2;3;0;1;1;0;2;6;+2
06/02/2023;CLE;11;goodwjo01;Jordan Goodwin;10:23;0;3;.000;0;1;.000;1;2;.500;0;0;0;0;1;0;0;1;1;-9
06/02/2023;CLE;12;davisjo06;Johnny Davis;6:17;1;3;.333;0;0;;0;0;;0;0;0;0;0;0;0;0;2;+2
06/02/2023;CLE;13;bealbr01;Bradley Beal;Did Not Play
