dateId;teamId;order;playerId;Starters;MP;FG;FGA;FG%;3P;3PA;3P%;FT;FTA;FT%;ORB;DRB;TRB;AST;STL;BLK;TOV;PF;PTS;+/-
23/12/2022;MEM;0;moranja01;Ja Morant;28:00;4;14;.286;0;2;.000;4;6;.667;2;3;5;11;0;0;3;1;12;+27
23/12/2022;MEM;1;jacksja02;Jaren Jackson Jr.;27:49;9;17;.529;1;4;.250;5;6;.833;3;7;10;1;1;2;0;1;24;+22
23/12/2022;MEM;2;brookdi01;Dillon Brooks;25:06;7;9;.778;1;1;1.000;1;1;1.000;0;0;0;2;2;0;1;3;16;+25
23/12/2022;MEM;3;banede01;Desmond Bane;24:21;4;13;.308;2;8;.250;7;7;1.000;0;3;3;2;1;0;1;4;17;+8
23/12/2022;MEM;4;adamsst01;Steven Adams;22:15;3;5;.600;0;0;;0;4;.000;7;4;11;2;1;1;0;0;6;+16
23/12/2022;MEM;5;Reserves;Reserves
23/12/2022;MEM;6;willizi02;Ziaire Williams;23:07;3;5;.600;0;1;.000;0;0;;0;2;2;2;1;0;3;5;6;-3
23/12/2022;MEM;7;clarkbr01;Brandon Clarke;21:12;7;10;.700;0;0;;10;10;1.000;5;5;10;0;2;0;1;1;24;+12
23/12/2022;MEM;8;aldamsa01;Santi Aldama;20:11;4;7;.571;2;2;1.000;0;2;.000;1;3;4;1;0;2;0;2;10;+3
23/12/2022;MEM;9;konchjo01;John Konchar;18:46;0;1;.000;0;1;.000;1;2;.500;0;3;3;4;2;0;0;2;1;+24
23/12/2022;MEM;10;jonesty01;Tyus Jones;15:20;1;5;.200;0;2;.000;0;0;;0;2;2;4;1;0;1;0;2;+2
23/12/2022;MEM;11;roddyda01;David Roddy;4:40;2;4;.500;1;2;.500;0;0;;0;1;1;0;0;0;0;1;5;-4
23/12/2022;MEM;12;laravja01;Jake LaRavia;4:40;0;0;;0;0;;0;0;;0;1;1;1;0;0;0;2;0;-4
23/12/2022;MEM;13;tillmxa01;Xavier Tillman Sr.;4:33;1;1;1.000;0;0;;0;0;;1;0;1;0;0;0;0;0;2;-3
23/12/2022;MEM;14;chandke01;Kennedy Chandler;Did Not Play
23/12/2022;MEM;0;shamela01;Landry Shamet;31:22;6;16;.375;3;10;.300;0;0;;1;4;5;3;1;0;2;0;15;-17
23/12/2022;MEM;1;bridgmi01;Mikal Bridges;28:11;2;7;.286;0;2;.000;1;2;.500;0;2;2;3;0;0;2;4;5;-18
23/12/2022;MEM;2;paulch01;Chris Paul;24:34;5;8;.625;0;1;.000;0;0;;0;2;2;3;0;0;1;1;10;-20
23/12/2022;MEM;3;aytonde01;Deandre Ayton;21:02;9;12;.750;0;1;.000;0;2;.000;1;4;5;0;0;0;0;4;18;-11
23/12/2022;MEM;4;craigto01;Torrey Craig;18:49;2;7;.286;2;6;.333;2;2;1.000;0;2;2;0;2;0;0;3;8;-3
23/12/2022;MEM;5;Reserves;Reserves
23/12/2022;MEM;6;okogijo01;Josh Okogie;24:03;3;5;.600;1;3;.333;0;0;;2;2;4;3;0;0;2;1;7;-5
23/12/2022;MEM;7;leeda03;Damion Lee;21:32;2;4;.500;1;2;.500;5;5;1.000;0;2;2;2;0;0;2;3;10;-6
23/12/2022;MEM;8;biyombi01;Bismack Biyombo;21:22;3;3;1.000;0;0;;0;3;.000;1;3;4;2;2;4;3;4;6;-17
23/12/2022;MEM;9;washidu02;Duane Washington Jr.;19:00;5;15;.333;2;5;.400;2;4;.500;0;3;3;5;0;0;0;0;14;-5
23/12/2022;MEM;10;wainris01;Ish Wainright;15:39;1;3;.333;0;2;.000;1;2;.500;2;0;2;0;0;1;1;4;3;-12
23/12/2022;MEM;11;landajo01;Jock Landale;10:36;0;6;.000;0;2;.000;4;6;.667;4;0;4;2;1;0;0;1;4;0
23/12/2022;MEM;12;saricda01;Dario Šarić;3:50;0;1;.000;0;1;.000;0;0;;0;0;0;0;0;0;1;1;0;-11
