dateId;teamId;order;playerId;Starters;MP;FG;FGA;FG%;3P;3PA;3P%;FT;FTA;FT%;ORB;DRB;TRB;AST;STL;BLK;TOV;PF;PTS;+/-
09/11/2022;DET;0;beysa01;Saddiq Bey;32:48;4;12;.333;1;6;.167;9;10;.900;1;3;4;0;1;0;1;2;18;-20
09/11/2022;DET;1;iveyja01;Jaden Ivey;31:23;6;12;.500;2;5;.400;5;7;.714;3;7;10;6;1;0;0;0;19;-19
09/11/2022;DET;2;bogdabo02;Bojan Bogdanović;26:11;6;11;.545;1;4;.250;4;6;.667;0;2;2;1;1;0;2;0;17;-19
09/11/2022;DET;3;cunnica01;Cade Cunningham;23:58;1;11;.091;0;6;.000;2;2;1.000;1;2;3;2;0;1;2;2;4;-17
09/11/2022;DET;4;stewais01;Isaiah Stewart;20:29;3;6;.500;1;4;.250;5;6;.833;3;7;10;1;0;0;1;4;12;-2
09/11/2022;DET;5;Reserves;Reserves
09/11/2022;DET;6;durenja01;Jalen Duren;29:43;5;8;.625;0;0;;0;0;;5;5;10;2;1;1;0;1;10;-10
09/11/2022;DET;7;hayeski01;Killian Hayes;22:23;7;12;.583;1;2;.500;1;1;1.000;1;1;2;1;1;0;0;3;16;-7
09/11/2022;DET;8;liveris01;Isaiah Livers;18:26;1;3;.333;1;3;.333;0;2;.000;0;2;2;0;0;1;1;2;3;-7
09/11/2022;DET;9;diallha01;Hamidou Diallo;14:27;2;8;.250;0;1;.000;0;0;;0;2;2;0;1;0;2;4;4;-7
09/11/2022;DET;10;josepco01;Cory Joseph;5:36;1;2;.500;0;1;.000;2;2;1.000;0;0;0;2;1;0;0;0;4;+8
09/11/2022;DET;11;mcgruro01;Rodney McGruder;5:36;0;1;.000;0;0;;2;2;1.000;1;0;1;0;0;0;0;0;2;+8
09/11/2022;DET;12;knoxke01;Kevin Knox;5:36;0;1;.000;0;1;.000;0;0;;0;0;0;0;0;0;1;1;0;+8
09/11/2022;DET;13;noelne01;Nerlens Noel;3:24;1;2;.500;0;0;;1;2;.500;0;2;2;0;0;0;0;0;3;+4
09/11/2022;DET;0;tatumja01;Jayson Tatum;31:35;10;20;.500;5;11;.455;6;7;.857;0;1;1;5;1;1;1;4;31;+16
09/11/2022;DET;1;brownja02;Jaylen Brown;30:01;11;19;.579;2;6;.333;6;7;.857;2;5;7;3;1;0;0;0;30;+25
09/11/2022;DET;2;horfoal01;Al Horford;26:23;6;6;1.000;1;1;1.000;0;1;.000;1;5;6;2;1;0;0;3;13;+17
09/11/2022;DET;3;smartma01;Marcus Smart;23:23;1;6;.167;0;4;.000;0;0;;0;3;3;11;2;0;1;2;2;+22
09/11/2022;DET;4;willigr01;Grant Williams;20:27;2;4;.500;1;3;.333;0;0;;0;4;4;1;0;0;0;5;5;+15
09/11/2022;DET;5;Reserves;Reserves
09/11/2022;DET;6;hausesa01;Sam Hauser;31:51;9;15;.600;6;12;.500;0;0;;0;2;2;0;0;0;0;3;24;-1
09/11/2022;DET;7;whitede01;Derrick White;19:39;2;4;.500;2;2;1.000;2;2;1.000;1;7;8;4;0;1;1;2;8;+4
09/11/2022;DET;8;kornelu01;Luke Kornet;17:49;1;2;.500;0;0;;0;0;;3;2;5;2;0;1;2;3;2;-6
09/11/2022;DET;9;brogdma01;Malcolm Brogdon;14:23;3;4;.750;1;2;.500;2;4;.500;1;1;2;1;0;1;4;0;9;+1
09/11/2022;DET;10;pritcpa01;Payton Pritchard;12:46;2;6;.333;0;3;.000;0;0;;0;3;3;1;0;0;2;1;4;-1
09/11/2022;DET;11;vonleno01;Noah Vonleh;6:07;0;0;;0;0;;0;0;;0;1;1;0;0;0;1;1;0;-4
09/11/2022;DET;12;jacksju01;Justin Jackson;5:36;0;2;.000;0;2;.000;0;0;;0;1;1;1;0;0;0;1;0;-8
09/11/2022;DET;13;griffbl01;Blake Griffin;Did Not Play
09/11/2022;DET;14;kabenmf01;Mfiondu Kabengele;Did Not Play
