dateId;teamId;order;playerId;Starters;MP;FG;FGA;FG%;3P;3PA;3P%;FT;FTA;FT%;ORB;DRB;TRB;AST;STL;BLK;TOV;PF;PTS;+/-
12/11/2022;CHO;0;roziete01;Terry Rozier;34:06;8;17;.471;4;9;.444;2;3;.667;0;1;1;6;2;0;2;0;22;-19
12/11/2022;CHO;1;oubreke01;Kelly Oubre Jr.;33:45;8;16;.500;2;5;.400;2;3;.667;1;7;8;1;0;1;1;1;20;-22
12/11/2022;CHO;2;ballla01;LaMelo Ball;28:12;6;17;.353;1;9;.111;2;2;1.000;0;6;6;6;1;0;2;5;15;-18
12/11/2022;CHO;3;washipj01;P.J. Washington;27:35;2;7;.286;0;2;.000;0;0;;0;1;1;0;0;1;1;5;4;-4
12/11/2022;CHO;4;plumlma01;Mason Plumlee;26:42;4;6;.667;0;0;;1;1;1.000;1;4;5;5;0;0;3;2;9;-16
12/11/2022;CHO;5;Reserves;Reserves
12/11/2022;CHO;6;mcdanja01;Jalen McDaniels;27:38;3;6;.500;1;2;.500;2;2;1.000;0;4;4;4;0;0;1;2;9;-6
12/11/2022;CHO;7;richani01;Nick Richards;21:18;6;7;.857;0;0;;3;3;1.000;2;3;5;0;0;0;1;3;15;-1
12/11/2022;CHO;8;maledth01;Théo Maledon;19:36;3;3;1.000;0;0;;2;2;1.000;0;6;6;2;0;0;0;2;8;+6
12/11/2022;CHO;9;bouknja01;James Bouknight;14:06;4;6;.667;1;3;.333;0;0;;0;0;0;0;0;1;0;1;9;-3
12/11/2022;CHO;10;thorjt01;JT Thor;5:23;1;4;.250;0;1;.000;0;0;;0;1;1;1;1;0;1;0;2;-2
12/11/2022;CHO;11;joneska01;Kai Jones;1:39;1;1;1.000;0;0;;0;0;;0;0;0;0;0;0;0;0;2;0
12/11/2022;CHO;0;strusma01;Max Strus;38:12;10;16;.625;8;14;.571;3;3;1.000;0;4;4;2;1;0;0;4;31;+15
12/11/2022;CHO;1;martica02;Caleb Martin;33:46;3;8;.375;0;1;.000;1;3;.333;2;2;4;4;1;0;2;3;7;+27
12/11/2022;CHO;2;adebaba01;Bam Adebayo;33:04;11;18;.611;0;0;;2;3;.667;1;14;15;4;1;1;5;4;24;+19
12/11/2022;CHO;3;lowryky01;Kyle Lowry;31:49;5;12;.417;1;6;.167;1;1;1.000;1;10;11;8;0;1;3;2;12;+14
12/11/2022;CHO;4;butleji01;Jimmy Butler;31:18;6;8;.750;1;2;.500;7;7;1.000;2;5;7;8;1;0;0;2;20;+13
12/11/2022;CHO;5;Reserves;Reserves
12/11/2022;CHO;6;vincega01;Gabe Vincent;30:29;7;13;.538;3;8;.375;3;3;1.000;0;0;0;2;1;0;0;1;20;-6
12/11/2022;CHO;7;robindu01;Duncan Robinson;23:09;2;9;.222;0;6;.000;1;1;1.000;0;1;1;2;1;0;1;1;5;+5
12/11/2022;CHO;8;dedmode01;Dewayne Dedmon;13:18;3;7;.429;1;2;.500;0;0;;3;1;4;2;0;3;0;2;7;-2
12/11/2022;CHO;9;highsha01;Haywood Highsmith;1:39;0;0;;0;0;;0;0;;0;0;0;0;0;0;0;0;0;0
12/11/2022;CHO;10;cainja01;Jamal Cain;1:38;1;1;1.000;1;1;1.000;0;0;;0;0;0;0;1;0;0;0;3;0
12/11/2022;CHO;11;jovicni01;Nikola Jović;1:38;1;1;1.000;1;1;1.000;0;0;;0;0;0;0;0;0;1;0;3;0
12/11/2022;CHO;12;hasleud01;Udonis Haslem;Did Not Play
