dateId;teamId;order;playerId;Starters;MP;FG;FGA;FG%;3P;3PA;3P%;FT;FTA;FT%;ORB;DRB;TRB;AST;STL;BLK;TOV;PF;PTS;+/-
14/01/2023;BOS;0;tatumja01;Jayson Tatum;36:54;12;27;.444;4;14;.286;5;5;1.000;3;6;9;6;0;1;1;0;33;+26
14/01/2023;BOS;1;smartma01;Marcus Smart;35:38;5;15;.333;3;12;.250;0;0;;0;2;2;12;2;0;2;2;13;+24
14/01/2023;BOS;2;horfoal01;Al Horford;32:48;6;10;.600;4;7;.571;0;0;;1;6;7;6;2;0;0;4;16;+11
14/01/2023;BOS;3;williro04;Robert Williams;27:31;3;6;.500;0;0;;0;1;.000;6;6;12;3;2;1;0;1;6;+18
14/01/2023;BOS;4;whitede01;Derrick White;4:05;3;3;1.000;2;2;1.000;0;0;;0;0;0;0;0;0;1;0;8;+1
14/01/2023;BOS;5;Reserves;Reserves
14/01/2023;BOS;6;brogdma01;Malcolm Brogdon;31:23;11;17;.647;4;6;.667;4;4;1.000;0;3;3;3;1;0;0;2;30;+9
14/01/2023;BOS;7;pritcpa01;Payton Pritchard;26:45;4;11;.364;1;6;.167;0;0;;2;1;3;2;1;0;1;1;9;+4
14/01/2023;BOS;8;willigr01;Grant Williams;22:46;1;4;.250;1;3;.333;0;0;;0;4;4;3;0;0;1;2;3;-1
14/01/2023;BOS;9;kornelu01;Luke Kornet;11:11;1;1;1.000;0;0;;0;0;;2;2;4;0;0;2;1;1;2;+4
14/01/2023;BOS;10;hausesa01;Sam Hauser;5:22;1;3;.333;0;2;.000;0;0;;0;1;1;0;0;0;0;1;2;-14
14/01/2023;BOS;11;jacksju01;Justin Jackson;3:53;0;1;.000;0;1;.000;0;0;;0;0;0;0;0;0;0;1;0;-2
14/01/2023;BOS;12;davisjd01;JD Davison;1:44;0;1;.000;0;0;;0;0;;0;1;1;0;0;0;0;0;0;0
14/01/2023;BOS;13;griffbl01;Blake Griffin;Did Not Play
14/01/2023;BOS;0;ballla01;LaMelo Ball;38:38;11;27;.407;1;8;.125;8;8;1.000;1;6;7;9;2;0;5;2;31;-7
14/01/2023;BOS;1;washipj01;P.J. Washington;37:24;5;8;.625;4;7;.571;0;0;;0;3;3;4;0;0;1;1;14;-8
14/01/2023;BOS;2;roziete01;Terry Rozier;35:57;8;17;.471;2;8;.250;3;4;.750;1;3;4;3;0;1;2;0;21;-21
14/01/2023;BOS;3;plumlma01;Mason Plumlee;32:54;4;10;.400;0;0;;1;2;.500;3;13;16;1;0;0;1;0;9;-21
14/01/2023;BOS;4;mcdanja01;Jalen McDaniels;27:55;4;8;.500;1;2;.500;0;0;;0;0;0;1;0;0;0;2;9;-12
14/01/2023;BOS;5;Reserves;Reserves
14/01/2023;BOS;6;martico01;Cody Martin;20:58;3;5;.600;0;0;;2;2;1.000;3;2;5;0;0;0;0;4;8;-7
14/01/2023;BOS;7;smithde03;Dennis Smith Jr.;17:03;1;4;.250;0;0;;0;0;;0;1;1;3;1;0;2;1;2;-1
14/01/2023;BOS;8;richani01;Nick Richards;13:22;4;5;.800;0;0;;0;0;;1;5;6;0;0;1;0;1;8;+5
14/01/2023;BOS;9;thorjt01;JT Thor;10:36;0;2;.000;0;2;.000;2;3;.667;0;1;1;0;0;0;0;0;2;-8
14/01/2023;BOS;10;willima07;Mark Williams;1:44;1;2;.500;0;0;;0;0;;1;1;2;0;0;0;0;0;2;0
14/01/2023;BOS;11;joneska01;Kai Jones;1:44;0;0;;0;0;;0;0;;0;0;0;0;0;0;0;0;0;0
14/01/2023;BOS;12;mcgowbr01;Bryce McGowens;1:44;0;0;;0;0;;0;0;;0;1;1;0;0;0;0;0;0;0
