dateId;teamId;order;playerId;Starters;MP;FG;FGA;FG%;3P;3PA;3P%;FT;FTA;FT%;ORB;DRB;TRB;AST;STL;BLK;TOV;PF;PTS;+/-
19/03/2023;PHO;0;bookede01;Devin Booker;36:22;18;28;.643;3;7;.429;7;8;.875;0;3;3;1;1;0;3;5;46;-5
19/03/2023;PHO;1;paulch01;Chris Paul;33:13;5;15;.333;2;3;.667;2;2;1.000;1;5;6;13;3;1;1;3;14;-6
19/03/2023;PHO;2;craigto01;Torrey Craig;31:03;2;7;.286;1;5;.200;2;2;1.000;2;5;7;3;0;4;3;3;7;-8
19/03/2023;PHO;3;okogijo01;Josh Okogie;20:38;3;5;.600;1;2;.500;1;1;1.000;1;2;3;3;0;0;0;5;8;-3
19/03/2023;PHO;4;biyombi01;Bismack Biyombo;20:04;3;6;.500;0;0;;1;3;.333;2;4;6;0;0;3;0;2;7;+2
19/03/2023;PHO;5;Reserves;Reserves
19/03/2023;PHO;6;shamela01;Landry Shamet;20:22;3;4;.750;3;4;.750;1;2;.500;0;0;0;2;1;0;2;2;10;-2
19/03/2023;PHO;7;rosste01;Terrence Ross;16:00;4;8;.500;2;5;.400;2;3;.667;0;4;4;1;1;0;1;2;12;-7
19/03/2023;PHO;8;landajo01;Jock Landale;14:50;2;5;.400;1;1;1.000;0;1;.000;2;1;3;1;1;0;1;3;5;+2
19/03/2023;PHO;9;payneca01;Cameron Payne;14:27;1;5;.200;0;2;.000;0;0;;1;5;6;6;0;0;1;0;2;+2
19/03/2023;PHO;10;leeda03;Damion Lee;13:19;2;4;.500;2;3;.667;0;0;;0;2;2;1;0;0;2;3;6;+3
19/03/2023;PHO;11;wainris01;Ish Wainright;12:33;0;4;.000;0;4;.000;0;0;;0;0;0;0;0;0;0;3;0;+7
19/03/2023;PHO;12;bazleda01;Darius Bazley;7:09;1;1;1.000;0;0;;1;2;.500;0;0;0;0;0;1;0;0;3;-5
19/03/2023;PHO;13;warretj01;T.J. Warren;Did Not Play
19/03/2023;PHO;0;gilgesh01;Shai Gilgeous-Alexander;35:26;12;24;.500;0;0;;16;19;.842;0;5;5;4;1;0;3;2;40;+10
19/03/2023;PHO;1;dortlu01;Luguentz Dort;32:44;7;11;.636;4;6;.667;2;2;1.000;0;3;3;1;0;0;1;5;20;-1
19/03/2023;PHO;2;giddejo01;Josh Giddey;32:44;7;13;.538;1;2;.500;1;2;.500;2;4;6;6;0;0;4;0;16;+3
19/03/2023;PHO;3;willija06;Jalen Williams;27:59;1;6;.167;0;2;.000;3;4;.750;1;9;10;5;2;1;3;3;5;-4
19/03/2023;PHO;4;willija07;Jaylin Williams;20:47;2;3;.667;2;3;.667;4;6;.667;0;6;6;0;0;1;0;2;10;-3
19/03/2023;PHO;5;Reserves;Reserves
19/03/2023;PHO;6;joeis01;Isaiah Joe;27:08;6;10;.600;3;7;.429;0;0;;0;5;5;0;1;0;1;3;15;+12
19/03/2023;PHO;7;waterli01;Lindy Waters III;22:32;3;7;.429;1;4;.250;0;0;;2;1;3;1;1;1;0;0;7;+5
19/03/2023;PHO;8;wiggiaa01;Aaron Wiggins;11:57;3;4;.750;0;0;;1;1;1.000;1;1;2;0;2;0;0;1;7;+8
19/03/2023;PHO;9;saricda01;Dario Šarić;10:05;1;2;.500;0;1;.000;2;2;1.000;0;1;1;0;1;0;1;1;4;-9
19/03/2023;PHO;10;diengou01;Ousmane Dieng;7:30;0;1;.000;0;1;.000;0;0;;0;1;1;0;0;0;1;0;0;-4
19/03/2023;PHO;11;manntr01;Tre Mann;5:59;0;3;.000;0;2;.000;0;0;;0;0;0;0;0;0;0;1;0;-2
19/03/2023;PHO;12;robinje02;Jeremiah Robinson-Earl;5:09;0;0;;0;0;;0;0;;0;2;2;3;0;0;1;2;0;+5
19/03/2023;PHO;13;sarrol01;Olivier Sarr;Did Not Play
