dateId;teamId;order;playerId;Starters;MP;FG;FGA;FG%;3P;3PA;3P%;FT;FTA;FT%;ORB;DRB;TRB;AST;STL;BLK;TOV;PF;PTS;+/-
20/11/2022;MEM;0;jonesty01;Tyus Jones;34:21;5;10;.500;2;2;1.000;1;3;.333;0;3;3;6;0;0;1;0;13;-5
20/11/2022;MEM;1;brookdi01;Dillon Brooks;33:51;13;30;.433;3;11;.273;2;4;.500;4;1;5;4;4;0;0;0;31;-8
20/11/2022;MEM;2;konchjo01;John Konchar;33:16;4;11;.364;2;7;.286;6;6;1.000;2;7;9;7;2;0;1;3;16;-4
20/11/2022;MEM;3;adamsst01;Steven Adams;28:38;7;10;.700;0;0;;1;8;.125;4;6;10;2;3;0;5;2;15;+3
20/11/2022;MEM;4;aldamsa01;Santi Aldama;21:06;2;7;.286;1;4;.250;3;4;.750;0;3;3;1;1;0;0;1;8;-13
20/11/2022;MEM;5;Reserves;Reserves
20/11/2022;MEM;6;laravja01;Jake LaRavia;28:51;4;12;.333;3;9;.333;0;0;;1;3;4;3;1;0;2;1;11;-4
20/11/2022;MEM;7;roddyda01;David Roddy;24:17;3;8;.375;1;3;.333;2;2;1.000;1;3;4;1;0;0;0;4;9;-12
20/11/2022;MEM;8;clarkbr01;Brandon Clarke;16:43;1;4;.250;0;0;;0;0;;1;2;3;1;0;0;1;0;2;-20
20/11/2022;MEM;9;chandke01;Kennedy Chandler;13:39;2;5;.400;0;1;.000;2;3;.667;0;3;3;3;1;0;0;1;6;-7
20/11/2022;MEM;10;tillmxa01;Xavier Tillman Sr.;2:39;1;1;1.000;0;0;;0;1;.000;0;0;0;0;1;0;0;0;2;+5
20/11/2022;MEM;11;willivi01;Vince Williams Jr.;2:39;1;1;1.000;0;0;;0;0;;0;0;0;0;0;0;0;0;2;+5
20/11/2022;MEM;0;duranke01;Kevin Durant;35:41;9;16;.563;0;3;.000;8;8;1.000;0;7;7;7;1;1;4;3;26;+5
20/11/2022;MEM;1;simmobe01;Ben Simmons;34:42;11;13;.846;0;0;;0;1;.000;1;7;8;5;1;0;5;3;22;+19
20/11/2022;MEM;2;onealro01;Royce O'Neale;31:29;4;6;.667;4;6;.667;0;0;;0;5;5;8;0;1;1;4;12;+12
20/11/2022;MEM;3;harrijo01;Joe Harris;28:16;4;7;.571;4;6;.667;1;2;.500;0;2;2;3;1;1;0;5;13;+14
20/11/2022;MEM;4;irvinky01;Kyrie Irving;26:02;5;12;.417;2;5;.400;2;2;1.000;0;5;5;0;1;1;4;3;14;+16
20/11/2022;MEM;5;Reserves;Reserves
20/11/2022;MEM;6;curryse01;Seth Curry;25:02;5;10;.500;0;4;.000;0;0;;2;3;5;5;0;1;1;0;10;+12
20/11/2022;MEM;7;watanyu01;Yuta Watanabe;24:41;6;9;.667;4;6;.667;0;0;;0;3;3;3;0;0;1;2;16;-1
20/11/2022;MEM;8;morrima02;Markieff Morris;17:16;3;5;.600;2;4;.500;0;0;;2;5;7;1;1;0;0;2;8;+5
20/11/2022;MEM;9;millspa02;Patty Mills;6:22;2;2;1.000;0;0;;0;0;;0;1;1;1;0;0;1;0;4;+6
20/11/2022;MEM;10;thomaca02;Cam Thomas;4:14;0;1;.000;0;0;;0;2;.000;0;1;1;0;0;0;0;1;0;-9
20/11/2022;MEM;11;sharpda01;Day'Ron Sharpe;2:39;1;2;.500;0;0;;0;0;;0;1;1;0;0;0;0;0;2;-5
20/11/2022;MEM;12;dukeda01;David Duke Jr.;1:48;0;0;;0;0;;0;0;;0;0;0;0;0;0;0;2;0;-7
20/11/2022;MEM;13;edwarke02;Kessler Edwards;1:48;0;0;;0;0;;0;0;;0;0;0;0;0;0;1;0;0;-7
20/11/2022;MEM;14;sumneed01;Edmond Sumner;Did Not Play
