dateId;teamId;order;playerId;Starters;MP;FG;FGA;FG%;3P;3PA;3P%;FT;FTA;FT%;ORB;DRB;TRB;AST;STL;BLK;TOV;PF;PTS;+/-
04/03/2023;DET;0;baglema01;Marvin Bagley III;34:05;8;12;.667;1;2;.500;3;6;.500;5;8;13;2;1;3;2;2;20;-20
04/03/2023;DET;1;iveyja01;Jaden Ivey;30:22;4;14;.286;1;4;.250;1;2;.500;2;2;4;2;0;0;5;1;10;-18
04/03/2023;DET;2;liveris01;Isaiah Livers;24:35;3;6;.500;1;4;.250;0;0;;0;4;4;2;1;0;0;2;7;-11
04/03/2023;DET;3;wisemja01;James Wiseman;23:49;1;6;.167;0;1;.000;1;2;.500;0;9;9;1;1;2;4;3;3;-26
04/03/2023;DET;4;hayeski01;Killian Hayes;17:36;2;7;.286;0;1;.000;1;3;.333;0;2;2;5;1;0;1;1;5;-16
04/03/2023;DET;5;Reserves;Reserves
04/03/2023;DET;6;diallha01;Hamidou Diallo;26:35;7;13;.538;0;0;;0;0;;2;5;7;1;1;1;3;3;14;-8
04/03/2023;DET;7;josepco01;Cory Joseph;23:40;2;3;.667;1;1;1.000;4;4;1.000;0;2;2;3;0;1;3;0;9;-14
04/03/2023;DET;8;hamptrj01;R.J. Hampton;16:54;3;8;.375;1;4;.250;4;4;1.000;0;1;1;2;0;0;4;2;11;-17
04/03/2023;DET;9;mcgruro01;Rodney McGruder;15:28;0;1;.000;0;1;.000;2;2;1.000;0;2;2;1;0;0;0;0;2;-6
04/03/2023;DET;10;omorueu01;Eugene Omoruyi;12:00;1;4;.250;0;2;.000;2;2;1.000;1;0;1;0;0;0;1;1;4;+5
04/03/2023;DET;11;rhodeja01;Jared Rhoden;9:03;1;4;.250;0;1;.000;0;0;;2;1;3;0;0;0;0;0;2;+6
04/03/2023;DET;12;boehebu01;Buddy Boeheim;5:53;1;3;.333;1;3;.333;0;0;;0;1;1;0;0;0;0;0;3;+5
04/03/2023;DET;0;mobleev01;Evan Mobley;29:36;7;14;.500;0;1;.000;2;4;.500;3;8;11;6;1;4;3;1;16;+28
04/03/2023;DET;1;allenja01;Jarrett Allen;25:47;6;9;.667;0;0;;3;5;.600;1;4;5;0;2;0;1;3;15;+24
04/03/2023;DET;2;mitchdo01;Donovan Mitchell;24:27;8;17;.471;2;6;.333;2;3;.667;0;3;3;4;2;1;1;0;20;+22
04/03/2023;DET;3;garlada01;Darius Garland;23:48;8;11;.727;5;6;.833;0;0;;1;2;3;7;2;0;2;4;21;+20
04/03/2023;DET;4;okorois01;Isaac Okoro;19:23;2;5;.400;0;2;.000;1;2;.500;0;0;0;0;2;0;1;2;5;+23
04/03/2023;DET;5;Reserves;Reserves
04/03/2023;DET;6;stevela01;Lamar Stevens;22:04;4;8;.500;0;1;.000;0;0;;0;5;5;1;0;0;0;1;8;+12
04/03/2023;DET;7;leverca01;Caris LeVert;21:35;3;8;.375;3;4;.750;2;4;.500;1;1;2;3;1;0;2;1;11;+13
04/03/2023;DET;8;rubiori01;Ricky Rubio;19:50;2;5;.400;1;2;.500;0;0;;2;3;5;3;2;2;0;1;5;+10
04/03/2023;DET;9;osmande01;Cedi Osman;18:35;2;7;.286;1;6;.167;0;0;;0;4;4;3;0;0;0;3;5;0
04/03/2023;DET;10;wadede01;Dean Wade;13:42;0;2;.000;0;2;.000;0;0;;0;1;1;2;1;1;0;2;0;-11
04/03/2023;DET;11;greenda02;Danny Green;8:28;2;2;1.000;2;2;1.000;0;0;;0;0;0;0;1;0;1;0;6;-8
04/03/2023;DET;12;netora01;Raul Neto;8:28;0;1;.000;0;1;.000;0;0;;0;0;0;0;0;0;0;0;0;-8
04/03/2023;DET;13;merrisa01;Sam Merrill;4:17;1;2;.500;0;1;.000;0;0;;0;0;0;0;0;0;0;0;2;-5
04/03/2023;DET;14;lopezro01;Robin Lopez;Did Not Play
