dateId;teamId;order;playerId;Starters;MP;FG;FGA;FG%;3P;3PA;3P%;FT;FTA;FT%;ORB;DRB;TRB;AST;STL;BLK;TOV;PF;PTS;+/-
24/10/2022;DEN;0;caldwke01;Kentavious Caldwell-Pope;30:25;2;6;.333;1;3;.333;1;1;1.000;1;1;2;5;1;0;1;2;6;-15
24/10/2022;DEN;1;gordoaa01;Aaron Gordon;27:37;12;16;.750;0;2;.000;2;2;1.000;2;4;6;1;0;0;1;4;26;-16
24/10/2022;DEN;2;jokicni01;Nikola Jokić;26:58;3;4;.750;0;0;;3;3;1.000;1;8;9;9;0;0;1;5;9;-10
24/10/2022;DEN;3;murraja01;Jamal Murray;26:37;3;12;.250;2;4;.500;0;2;.000;0;2;2;1;0;0;0;2;8;-15
24/10/2022;DEN;4;portemi01;Michael Porter Jr.;25:31;7;14;.500;4;8;.500;0;0;;1;3;4;2;0;0;1;5;18;-3
24/10/2022;DEN;5;Reserves;Reserves
24/10/2022;DEN;6;brownbr01;Bruce Brown;24:25;3;6;.500;0;1;.000;0;0;;2;3;5;4;1;1;1;1;6;-16
24/10/2022;DEN;7;greenje02;Jeff Green;19:44;3;8;.375;0;1;.000;1;2;.500;1;1;2;1;1;0;0;2;7;-15
24/10/2022;DEN;8;hylanbo01;Bones Hyland;18:09;5;10;.500;4;7;.571;1;2;.500;0;1;1;3;0;0;1;1;15;-18
24/10/2022;DEN;9;braunch01;Christian Braun;12:39;0;2;.000;0;1;.000;0;0;;1;2;3;0;0;0;0;1;0;-6
24/10/2022;DEN;10;jordade01;DeAndre Jordan;10:00;2;3;.667;0;0;;0;2;.000;0;2;2;1;0;0;0;1;4;-3
24/10/2022;DEN;11;reedda01;Davon Reed;7:34;1;4;.250;1;3;.333;0;0;;0;0;0;0;0;0;1;1;3;-3
24/10/2022;DEN;12;nnajize01;Zeke Nnaji;4:07;2;3;.667;0;1;.000;0;0;;0;0;0;0;1;0;0;3;4;-3
24/10/2022;DEN;13;smithis01;Ish Smith;3:34;0;0;;0;0;;0;0;;0;0;0;1;0;0;1;0;0;-3
24/10/2022;DEN;14;watsope01;Peyton Watson;2:40;2;3;.667;0;0;;0;0;;1;1;2;0;0;0;0;0;4;+1
24/10/2022;DEN;15;cancavl01;Vlatko Čančar;Did Not Play
24/10/2022;DEN;0;simonan01;Anfernee Simons;35:35;11;17;.647;7;12;.583;0;0;;0;3;3;5;1;1;1;0;29;+14
24/10/2022;DEN;1;grantje01;Jerami Grant;35:30;7;13;.538;1;6;.167;6;7;.857;0;2;2;1;0;1;1;1;21;+19
24/10/2022;DEN;2;nurkiju01;Jusuf Nurkić;35:27;4;12;.333;0;1;.000;5;7;.714;2;10;12;6;0;1;0;5;13;+26
24/10/2022;DEN;3;lillada01;Damian Lillard;34:41;10;16;.625;4;7;.571;7;8;.875;1;5;6;8;1;0;1;2;31;+24
24/10/2022;DEN;4;hartjo01;Josh Hart;34:30;3;7;.429;0;2;.000;0;1;.000;4;7;11;1;0;0;1;1;6;+20
24/10/2022;DEN;5;Reserves;Reserves
24/10/2022;DEN;6;littlna01;Nassir Little;18:14;4;6;.667;2;3;.667;1;3;.333;0;4;4;0;0;0;0;0;11;+7
24/10/2022;DEN;7;sharpsh01;Shaedon Sharpe;16:07;4;6;.667;1;2;.500;2;2;1.000;1;0;1;0;0;0;1;2;11;+7
24/10/2022;DEN;8;eubandr01;Drew Eubanks;12:04;1;1;1.000;0;0;;2;2;1.000;1;1;2;0;1;1;0;3;4;-2
24/10/2022;DEN;9;johnske07;Keon Johnson;9:38;1;2;.500;1;2;.500;0;0;;0;2;2;1;0;2;3;1;3;+4
24/10/2022;DEN;10;browngr01;Greg Brown III;4:07;2;2;1.000;0;0;;0;1;.000;0;0;0;0;0;0;0;0;4;+3
24/10/2022;DEN;11;walkeja01;Jabari Walker;4:07;1;1;1.000;0;0;;0;0;;0;2;2;1;0;0;0;0;2;+3
24/10/2022;DEN;12;winslju01;Justise Winslow;Did Not Dress
