dateId;teamId;order;playerId;Starters;MP;FG;FGA;FG%;3P;3PA;3P%;FT;FTA;FT%;ORB;DRB;TRB;AST;STL;BLK;TOV;PF;PTS;+/-
11/11/2022;PHO;0;bridgmi01;Mikal Bridges;37:38;3;13;.231;2;6;.333;0;0;;1;3;4;6;0;0;1;2;8;-16
11/11/2022;PHO;1;payneca01;Cameron Payne;35:00;8;15;.533;5;10;.500;1;1;1.000;0;3;3;4;1;0;4;3;22;-17
11/11/2022;PHO;2;craigto01;Torrey Craig;34:58;3;8;.375;1;4;.250;2;2;1.000;2;2;4;1;1;1;1;2;9;-19
11/11/2022;PHO;3;bookede01;Devin Booker;34:28;6;19;.316;2;8;.250;3;3;1.000;3;5;8;6;1;0;2;2;17;-27
11/11/2022;PHO;4;aytonde01;Deandre Ayton;26:23;7;12;.583;0;1;.000;0;0;;1;4;5;1;2;1;1;0;14;-23
11/11/2022;PHO;5;Reserves;Reserves
11/11/2022;PHO;6;leeda03;Damion Lee;22:28;3;6;.500;2;5;.400;0;0;;0;2;2;1;1;0;1;1;8;+6
11/11/2022;PHO;7;landajo01;Jock Landale;13:09;3;4;.750;0;1;.000;1;2;.500;2;4;6;0;0;0;0;0;7;+5
11/11/2022;PHO;8;biyombi01;Bismack Biyombo;11:01;3;6;.500;0;0;;1;1;1.000;1;1;2;1;1;1;0;2;7;-4
11/11/2022;PHO;9;saricda01;Dario Šarić;9:47;0;4;.000;0;2;.000;0;0;;1;2;3;1;0;0;0;0;0;+8
11/11/2022;PHO;10;okogijo01;Josh Okogie;7:49;0;2;.000;0;1;.000;0;0;;0;1;1;0;0;1;1;1;0;+4
11/11/2022;PHO;11;washidu02;Duane Washington Jr.;7:19;2;6;.333;1;4;.250;0;0;;0;0;0;1;0;0;0;1;5;-2
11/11/2022;PHO;12;paulch01;Chris Paul;Did Not Dress
11/11/2022;PHO;0;cartewe01;Wendell Carter Jr.;32:24;7;15;.467;2;5;.400;4;4;1.000;3;7;10;5;0;1;3;0;20;+10
11/11/2022;PHO;1;suggsja01;Jalen Suggs;31:37;7;12;.583;1;4;.250;1;1;1.000;0;3;3;5;0;0;2;3;16;+16
11/11/2022;PHO;2;bolbo01;Bol Bol;30:54;5;8;.625;3;3;1.000;0;0;;0;15;15;1;0;0;3;1;13;+15
11/11/2022;PHO;3;wagnefr01;Franz Wagner;30:40;7;15;.467;0;3;.000;3;4;.750;1;5;6;3;0;0;2;3;17;+5
11/11/2022;PHO;4;okekech01;Chuma Okeke;30:22;4;10;.400;2;6;.333;1;1;1.000;3;2;5;3;1;1;0;1;11;+13
11/11/2022;PHO;5;Reserves;Reserves
11/11/2022;PHO;6;rosste01;Terrence Ross;24:28;5;9;.556;2;3;.667;2;2;1.000;1;1;2;2;0;0;0;1;14;+9
11/11/2022;PHO;7;houstca01;Caleb Houstan;19:16;1;1;1.000;1;1;1.000;0;0;;0;2;2;0;0;0;1;0;3;-1
11/11/2022;PHO;8;bambamo01;Mo Bamba;18:30;3;6;.500;1;3;.333;2;3;.667;1;4;5;2;0;1;1;1;9;+7
11/11/2022;PHO;9;hamptrj01;R.J. Hampton;10:56;3;3;1.000;2;2;1.000;0;0;;0;0;0;2;1;1;1;1;8;+11
11/11/2022;PHO;10;schofad01;Admiral Schofield;10:53;1;3;.333;1;3;.333;0;0;;0;2;2;0;0;0;0;0;3;0
11/11/2022;PHO;11;harrike01;Kevon Harris;Did Not Play
