dateId;teamId;order;playerId;Starters;MP;FG;FGA;FG%;3P;3PA;3P%;FT;FTA;FT%;ORB;DRB;TRB;AST;STL;BLK;TOV;PF;PTS;+/-
24/02/2023;BRK;0;bridgmi01;Mikal Bridges;26:42;4;10;.400;2;5;.400;3;3;1.000;0;6;6;2;0;0;2;3;13;-33
24/02/2023;BRK;1;finnedo01;Dorian Finney-Smith;25:05;1;6;.167;0;5;.000;0;0;;1;5;6;1;0;0;2;4;2;-35
24/02/2023;BRK;2;dinwisp01;Spencer Dinwiddie;24:26;0;6;.000;0;3;.000;2;3;.667;0;1;1;5;0;0;1;1;2;-31
24/02/2023;BRK;3;claxtni01;Nic Claxton;22:01;3;7;.429;0;0;;1;2;.500;0;6;6;3;2;1;0;0;7;-23
24/02/2023;BRK;4;johnsca02;Cameron Johnson;19:40;4;13;.308;2;8;.250;0;0;;0;1;1;0;1;0;0;1;10;-22
24/02/2023;BRK;5;Reserves;Reserves
24/02/2023;BRK;6;thomaca02;Cam Thomas;29:53;6;15;.400;3;6;.500;7;9;.778;0;1;1;2;0;0;0;0;22;-20
24/02/2023;BRK;7;onealro01;Royce O'Neale;23:48;0;4;.000;0;4;.000;2;2;1.000;0;5;5;3;1;0;2;5;2;-14
24/02/2023;BRK;8;harrijo01;Joe Harris;22:19;2;6;.333;1;5;.200;0;0;;0;0;0;0;1;0;2;3;5;-25
24/02/2023;BRK;9;curryse01;Seth Curry;21:18;8;11;.727;3;6;.500;0;0;;2;0;2;3;0;0;2;2;19;-11
24/02/2023;BRK;10;sharpda01;Day'Ron Sharpe;16:07;1;1;1.000;0;0;;0;0;;2;1;3;2;1;2;2;3;2;-5
24/02/2023;BRK;11;watanyu01;Yuta Watanabe;8:41;1;2;.500;1;2;.500;0;0;;0;0;0;0;0;0;0;3;3;-1
24/02/2023;BRK;12;millspa02;Patty Mills;Did Not Play
24/02/2023;BRK;13;sumneed01;Edmond Sumner;Did Not Play
24/02/2023;BRK;0;lavinza01;Zach LaVine;28:30;12;17;.706;4;6;.667;4;4;1.000;1;5;6;2;0;0;1;0;32;+35
24/02/2023;BRK;1;vucevni01;Nikola Vučević;28:30;5;9;.556;0;0;;3;4;.750;1;9;10;2;0;2;0;1;13;+35
24/02/2023;BRK;2;derozde01;DeMar DeRozan;27:39;8;17;.471;0;3;.000;1;1;1.000;0;4;4;4;1;1;1;2;17;+35
24/02/2023;BRK;3;beverpa01;Patrick Beverley;22:10;2;4;.500;1;3;.333;3;5;.600;0;5;5;4;0;0;1;1;8;+24
24/02/2023;BRK;4;carusal01;Alex Caruso;19:27;2;3;.667;0;1;.000;0;0;;0;2;2;1;0;1;0;3;4;+27
24/02/2023;BRK;5;Reserves;Reserves
24/02/2023;BRK;6;willipa01;Patrick Williams;27:45;5;8;.625;2;2;1.000;5;8;.625;3;3;6;3;2;0;2;1;17;+21
24/02/2023;BRK;7;dosunay01;Ayo Dosunmu;25:50;3;8;.375;1;2;.500;0;0;;0;9;9;3;1;0;2;1;7;+20
24/02/2023;BRK;8;whiteco01;Coby White;25:14;2;6;.333;1;5;.200;0;0;;0;4;4;4;0;0;0;1;5;+19
24/02/2023;BRK;9;drumman01;Andre Drummond;14:26;6;10;.600;0;0;;1;2;.500;7;3;10;1;2;0;2;3;13;+3
24/02/2023;BRK;10;terryda01;Dalen Terry;10:25;3;3;1.000;3;3;1.000;2;4;.500;0;1;1;0;0;0;0;1;11;-4
24/02/2023;BRK;11;jonesde02;Derrick Jones Jr.;5:52;0;1;.000;0;1;.000;0;0;;0;0;0;1;0;0;0;0;0;+2
24/02/2023;BRK;12;taylote01;Terry Taylor;4:12;2;2;1.000;0;0;;0;0;;0;0;0;0;0;0;0;1;4;+3
