dateId;teamId;order;playerId;Starters;MP;FG;FGA;FG%;3P;3PA;3P%;FT;FTA;FT%;ORB;DRB;TRB;AST;STL;BLK;TOV;PF;PTS;+/-
25/03/2023;MIL;0;antetgi01;Giannis Antetokounmpo;32:28;13;22;.591;0;3;.000;5;7;.714;1;8;9;4;4;0;4;2;31;-15
25/03/2023;MIL;1;holidjr01;Jrue Holiday;29:36;3;11;.273;1;5;.200;2;2;1.000;0;2;2;7;1;0;0;2;9;-15
25/03/2023;MIL;2;middlkh01;Khris Middleton;28:52;6;14;.429;1;5;.200;0;0;;0;8;8;5;2;0;2;0;13;-6
25/03/2023;MIL;3;allengr01;Grayson Allen;24:39;3;7;.429;3;6;.500;4;4;1.000;0;4;4;1;0;1;0;2;13;-8
25/03/2023;MIL;4;lopezbr01;Brook Lopez;19:10;5;9;.556;1;4;.250;2;2;1.000;1;1;2;1;0;1;0;4;13;-7
25/03/2023;MIL;5;Reserves;Reserves
25/03/2023;MIL;6;portibo01;Bobby Portis;24:53;4;11;.364;1;4;.250;2;2;1.000;1;5;6;0;0;0;0;2;11;-8
25/03/2023;MIL;7;connapa01;Pat Connaughton;23:40;2;5;.400;1;4;.250;0;0;;0;4;4;2;0;0;2;3;5;-22
25/03/2023;MIL;8;inglejo01;Joe Ingles;18:40;0;1;.000;0;1;.000;2;2;1.000;0;1;1;2;0;0;1;2;2;-19
25/03/2023;MIL;9;carteje01;Jevon Carter;17:42;0;4;.000;0;2;.000;0;0;;0;2;2;2;0;0;1;2;0;-3
25/03/2023;MIL;10;matthwe02;Wesley Matthews;11:14;0;1;.000;0;1;.000;2;2;1.000;0;0;0;1;0;0;0;0;2;-8
25/03/2023;MIL;11;beaucma01;MarJon Beauchamp;5:54;2;2;1.000;1;1;1.000;0;0;;0;1;1;0;0;0;0;0;5;-3
25/03/2023;MIL;12;antetth01;Thanasis Antetokounmpo;3:11;1;1;1.000;0;0;;0;0;;1;0;1;1;0;0;0;0;2;-1
25/03/2023;MIL;0;murraja01;Jamal Murray;32:46;9;19;.474;5;10;.500;3;4;.750;0;6;6;9;0;1;3;3;26;+14
25/03/2023;MIL;1;jokicni01;Nikola Jokić;31:53;10;20;.500;1;6;.167;10;11;.909;1;5;6;11;1;0;3;2;31;+19
25/03/2023;MIL;2;caldwke01;Kentavious Caldwell-Pope;28:07;4;8;.500;0;0;;3;5;.600;2;6;8;1;1;0;1;0;11;+15
25/03/2023;MIL;3;portemi01;Michael Porter Jr.;28:04;7;12;.583;3;6;.500;2;3;.667;2;5;7;0;0;0;0;1;19;+21
25/03/2023;MIL;4;gordoaa01;Aaron Gordon;25:12;4;9;.444;1;5;.200;0;0;;1;6;7;1;1;1;1;3;9;+12
25/03/2023;MIL;5;Reserves;Reserves
25/03/2023;MIL;6;brownbr01;Bruce Brown;28:39;4;6;.667;2;3;.667;1;3;.333;0;5;5;1;1;0;1;2;11;+15
25/03/2023;MIL;7;braunch01;Christian Braun;20:02;0;2;.000;0;1;.000;0;0;;0;0;0;0;0;0;0;2;0;+2
25/03/2023;MIL;8;greenje02;Jeff Green;19:37;3;5;.600;1;2;.500;0;0;;0;2;2;1;0;0;0;2;7;+10
25/03/2023;MIL;9;nnajize01;Zeke Nnaji;12:50;2;3;.667;0;1;.000;1;2;.500;1;5;6;1;0;1;0;2;5;+3
25/03/2023;MIL;10;bryanth01;Thomas Bryant;3:17;1;1;1.000;0;0;;0;0;;0;0;0;0;0;0;1;0;2;+1
25/03/2023;MIL;11;watsope01;Peyton Watson;3:11;3;4;.750;2;2;1.000;0;0;;0;0;0;0;0;0;0;0;8;+1
25/03/2023;MIL;12;cancavl01;Vlatko Čančar;3:11;0;0;;0;0;;0;0;;0;1;1;0;0;0;0;0;0;+1
25/03/2023;MIL;13;smithis01;Ish Smith;3:11;0;0;;0;0;;0;0;;0;0;0;3;0;0;0;1;0;+1
25/03/2023;MIL;14;jacksre01;Reggie Jackson;Did Not Play
25/03/2023;MIL;15;jordade01;DeAndre Jordan;Did Not Play
