dateId;teamId;order;playerId;Starters;MP;FG;FGA;FG%;3P;3PA;3P%;FT;FTA;FT%;ORB;DRB;TRB;AST;STL;BLK;TOV;PF;PTS;+/-
19/12/2022;DAL;0;dinwisp01;Spencer Dinwiddie;37:35;6;13;.462;5;10;.500;3;4;.750;0;2;2;7;1;0;1;1;20;-13
19/12/2022;DAL;1;woodch01;Christian Wood;34:29;4;11;.364;1;4;.250;6;7;.857;1;12;13;1;1;2;5;5;15;-15
19/12/2022;DAL;2;bullore01;Reggie Bullock;32:50;0;3;.000;0;3;.000;0;0;;0;6;6;2;1;1;0;4;0;-16
19/12/2022;DAL;3;doncilu01;Luka Dončić;28:24;5;17;.294;3;8;.375;6;7;.857;1;5;6;7;1;0;4;2;19;-14
19/12/2022;DAL;4;finnedo01;Dorian Finney-Smith;27:55;3;6;.500;2;3;.667;1;2;.500;4;1;5;1;1;1;1;1;9;-18
19/12/2022;DAL;5;Reserves;Reserves
19/12/2022;DAL;6;ntilila01;Frank Ntilikina;26:14;2;6;.333;1;2;.500;0;0;;0;4;4;1;0;0;3;3;5;+6
19/12/2022;DAL;7;walkeke02;Kemba Walker;23:59;3;9;.333;1;6;.167;7;7;1.000;0;2;2;3;0;0;0;4;14;-4
19/12/2022;DAL;8;bertada01;Dāvis Bertāns;16:24;6;9;.667;6;9;.667;0;0;;0;0;0;0;0;1;0;1;18;+9
19/12/2022;DAL;9;mcgeeja01;JaVale McGee;8:58;2;2;1.000;0;0;;1;2;.500;1;1;2;0;0;0;1;1;5;+9
19/12/2022;DAL;10;pinsoth01;Theo Pinson;3:12;0;0;;0;0;;1;2;.500;1;1;2;1;0;0;0;1;1;+6
19/12/2022;DAL;11;poweldw01;Dwight Powell;Did Not Dress
19/12/2022;DAL;0;reidna01;Naz Reid;40:00;11;19;.579;2;6;.333;3;4;.750;2;11;13;1;2;1;2;2;27;+17
19/12/2022;DAL;1;edwaran01;Anthony Edwards;37:44;7;21;.333;3;6;.500;10;11;.909;2;11;13;9;1;2;1;3;27;+20
19/12/2022;DAL;2;mcdanja02;Jaden McDaniels;37:05;5;11;.455;1;4;.250;2;2;1.000;3;2;5;2;0;0;1;3;13;+13
19/12/2022;DAL;3;riverau01;Austin Rivers;36:59;6;7;.857;3;4;.750;1;2;.500;0;5;5;2;1;0;1;1;16;+15
19/12/2022;DAL;4;russeda01;D'Angelo Russell;35:10;4;13;.308;1;6;.167;0;0;;0;2;2;5;0;0;3;4;9;-9
19/12/2022;DAL;5;Reserves;Reserves
19/12/2022;DAL;6;nowelja01;Jaylen Nowell;25:12;6;10;.600;2;3;.667;4;5;.800;0;2;2;0;1;0;1;3;18;+18
19/12/2022;DAL;7;forbebr01;Bryn Forbes;12:41;1;3;.333;0;0;;0;0;;0;1;1;0;0;1;0;1;2;-3
19/12/2022;DAL;8;knighna01;Nathan Knight;6:00;1;3;.333;0;1;.000;0;0;;1;1;2;0;0;0;1;3;2;0
19/12/2022;DAL;9;moorewe01;Wendell Moore Jr.;4:30;1;1;1.000;0;0;;0;0;;1;0;1;0;0;0;0;2;2;-2
19/12/2022;DAL;10;garzalu01;Luka Garza;2:53;0;1;.000;0;1;.000;0;0;;0;0;0;0;0;0;0;2;0;-11
19/12/2022;DAL;11;minotjo01;Josh Minott;0:53;0;0;;0;0;;0;0;;0;0;0;0;0;0;0;0;0;-4
19/12/2022;DAL;12;ryanma01;Matt Ryan;0:53;0;0;;0;0;;0;0;;0;0;0;0;0;0;0;0;0;-4
19/12/2022;DAL;13;anderky01;Kyle Anderson;Did Not Dress
