dateId;teamId;order;playerId;Starters;MP;FG;FGA;FG%;3P;3PA;3P%;FT;FTA;FT%;ORB;DRB;TRB;AST;STL;BLK;TOV;PF;PTS;+/-
28/02/2023;MIL;0;holidjr01;Jrue Holiday;30:16;7;12;.583;0;2;.000;0;0;;0;3;3;8;0;0;4;1;14;+1
28/02/2023;MIL;1;antetgi01;Giannis Antetokounmpo;28:28;15;27;.556;1;2;.500;2;6;.333;3;12;15;4;1;0;5;4;33;+11
28/02/2023;MIL;2;lopezbr01;Brook Lopez;28:22;6;13;.462;1;4;.250;0;0;;4;6;10;1;0;2;1;2;13;-6
28/02/2023;MIL;3;allengr01;Grayson Allen;26:42;3;6;.500;1;4;.250;0;1;.000;1;1;2;2;2;0;1;2;7;+3
28/02/2023;MIL;4;connapa01;Pat Connaughton;22:27;2;6;.333;1;4;.250;0;0;;0;4;4;3;0;0;0;3;5;+12
28/02/2023;MIL;5;Reserves;Reserves
28/02/2023;MIL;6;middlkh01;Khris Middleton;22:36;7;13;.538;3;7;.429;1;2;.500;0;4;4;6;2;0;3;1;18;+15
28/02/2023;MIL;7;carteje01;Jevon Carter;19:39;4;6;.667;3;4;.750;0;0;;1;1;2;0;1;0;1;2;11;+18
28/02/2023;MIL;8;inglejo01;Joe Ingles;19:04;2;5;.400;2;4;.500;0;0;;0;4;4;3;2;1;1;3;6;+1
28/02/2023;MIL;9;portibo01;Bobby Portis;15:43;2;7;.286;1;2;.500;1;3;.333;1;5;6;1;1;0;0;1;6;0
28/02/2023;MIL;10;crowdja01;Jae Crowder;15:34;1;2;.500;0;1;.000;0;0;;0;2;2;2;1;0;0;1;2;+13
28/02/2023;MIL;11;beaucma01;MarJon Beauchamp;3:35;0;2;.000;0;1;.000;0;0;;0;0;0;0;0;0;1;0;0;-1
28/02/2023;MIL;12;greenaj01;A.J. Green;3:19;0;1;.000;0;0;;0;0;;1;1;2;2;0;0;0;0;0;-1
28/02/2023;MIL;13;leoname01;Meyers Leonard;2:07;1;2;.500;1;2;.500;0;0;;0;1;1;0;0;0;0;1;3;+2
28/02/2023;MIL;14;antetth01;Thanasis Antetokounmpo;2:07;0;0;;0;0;;0;0;;0;0;0;0;0;0;0;0;0;+2
28/02/2023;MIL;0;bridgmi01;Mikal Bridges;36:38;11;19;.579;3;7;.429;6;7;.857;1;1;2;5;2;0;2;1;31;-4
28/02/2023;MIL;1;dinwisp01;Spencer Dinwiddie;34:32;9;17;.529;5;10;.500;3;4;.750;0;6;6;8;1;0;4;2;26;-4
28/02/2023;MIL;2;claxtni01;Nic Claxton;30:50;4;6;.667;0;0;;1;2;.500;1;6;7;4;3;3;1;1;9;0
28/02/2023;MIL;3;finnedo01;Dorian Finney-Smith;29:29;2;7;.286;0;5;.000;1;1;1.000;0;2;2;2;1;1;2;4;5;-17
28/02/2023;MIL;4;johnsca02;Cameron Johnson;29:28;6;12;.500;2;5;.400;5;6;.833;0;7;7;1;4;0;4;2;19;+1
28/02/2023;MIL;5;Reserves;Reserves
28/02/2023;MIL;6;onealro01;Royce O'Neale;27:38;1;5;.200;1;4;.250;1;2;.500;0;6;6;1;0;1;1;4;4;-26
28/02/2023;MIL;7;thomaca02;Cam Thomas;22:37;0;7;.000;0;3;.000;2;2;1.000;0;5;5;2;0;0;2;0;2;0
28/02/2023;MIL;8;sharpda01;Day'Ron Sharpe;7:16;1;2;.500;0;0;;0;0;;1;2;3;0;0;1;1;3;2;-6
28/02/2023;MIL;9;harrijo01;Joe Harris;6:42;0;2;.000;0;0;;0;0;;0;0;0;0;0;0;0;1;0;-11
28/02/2023;MIL;10;curryse01;Seth Curry;5:29;0;1;.000;0;0;;0;0;;0;0;0;0;0;0;0;1;0;-5
28/02/2023;MIL;11;dukeda01;David Duke Jr.;4:39;1;2;.500;0;0;;1;1;1.000;0;0;0;2;0;0;0;0;3;+1
28/02/2023;MIL;12;smithdr01;Dru Smith;4:39;1;3;.333;1;2;.500;0;0;;0;0;0;0;1;0;0;0;3;+1
28/02/2023;MIL;13;millspa02;Patty Mills;Did Not Play
28/02/2023;MIL;14;watanyu01;Yuta Watanabe;Did Not Dress
