dateId;teamId;order;playerId;Starters;MP;FG;FGA;FG%;3P;3PA;3P%;FT;FTA;FT%;ORB;DRB;TRB;AST;STL;BLK;TOV;PF;PTS;+/-
29/03/2023;LAL;0;davisan02;Anthony Davis;38:38;13;20;.650;1;1;1.000;11;14;.786;5;4;9;4;2;2;0;1;38;+16
29/03/2023;LAL;1;russeda01;D'Angelo Russell;35:47;7;12;.583;2;4;.500;1;3;.333;1;3;4;4;1;0;3;1;17;+35
29/03/2023;LAL;2;jamesle01;LeBron James;31:16;10;19;.526;1;3;.333;4;4;1.000;3;5;8;4;2;0;4;2;25;+23
29/03/2023;LAL;3;reaveau01;Austin Reaves;28:52;7;8;.875;1;2;.500;4;4;1.000;0;2;2;5;1;0;1;0;19;+28
29/03/2023;LAL;4;vandeja01;Jarred Vanderbilt;24:44;3;5;.600;2;3;.667;0;0;;1;6;7;2;1;0;0;3;8;+11
29/03/2023;LAL;5;Reserves;Reserves
29/03/2023;LAL;6;schrode01;Dennis Schröder;20:57;2;7;.286;0;2;.000;4;5;.800;2;1;3;1;0;1;2;0;8;-14
29/03/2023;LAL;7;browntr01;Troy Brown Jr.;20:19;0;3;.000;0;2;.000;0;0;;0;4;4;0;1;0;0;5;0;-6
29/03/2023;LAL;8;hachiru01;Rui Hachimura;16:12;3;6;.500;0;1;.000;0;0;;1;3;4;1;0;0;1;1;6;-7
29/03/2023;LAL;9;beaslma01;Malik Beasley;10:25;0;3;.000;0;1;.000;0;0;;0;1;1;1;2;0;4;0;0;-20
29/03/2023;LAL;10;gabriwe01;Wenyen Gabriel;10:13;0;1;.000;0;0;;0;0;;0;3;3;0;0;0;0;0;0;-3
29/03/2023;LAL;11;reedda01;Davon Reed;1:18;0;0;;0;0;;0;0;;0;0;0;0;0;0;0;0;0;-4
29/03/2023;LAL;12;walkelo01;Lonnie Walker IV;1:18;0;2;.000;0;1;.000;0;0;;0;0;0;0;0;0;0;1;0;-4
29/03/2023;LAL;0;derozde01;DeMar DeRozan;38:31;9;15;.600;0;2;.000;4;6;.667;0;4;4;5;2;2;3;1;22;-20
29/03/2023;LAL;1;vucevni01;Nikola Vučević;36:27;12;16;.750;3;4;.750;2;2;1.000;3;9;12;6;0;0;2;4;29;-22
29/03/2023;LAL;2;lavinza01;Zach LaVine;35:33;8;14;.571;0;2;.000;0;0;;0;2;2;6;3;0;5;3;16;-24
29/03/2023;LAL;3;beverpa01;Patrick Beverley;24:45;0;5;.000;0;5;.000;0;0;;0;2;2;1;1;1;1;1;0;-32
29/03/2023;LAL;4;carusal01;Alex Caruso;18:52;2;4;.500;1;3;.333;0;0;;1;1;2;3;1;0;0;1;5;-5
29/03/2023;LAL;5;Reserves;Reserves
29/03/2023;LAL;6;whiteco01;Coby White;25:39;6;11;.545;3;7;.429;2;2;1.000;0;2;2;9;1;0;1;4;17;+18
29/03/2023;LAL;7;willipa01;Patrick Williams;24:10;1;7;.143;0;5;.000;0;0;;0;1;1;1;1;1;1;2;2;-3
29/03/2023;LAL;8;dosunay01;Ayo Dosunmu;18:55;5;9;.556;1;3;.333;1;1;1.000;0;3;3;0;0;0;0;3;12;+17
29/03/2023;LAL;9;jonesde02;Derrick Jones Jr.;12:03;2;5;.400;1;1;1.000;0;0;;1;1;2;0;1;0;1;1;5;+8
29/03/2023;LAL;10;greenja02;Javonte Green;2:29;0;1;.000;0;0;;0;0;;1;0;1;0;0;0;0;2;0;0
29/03/2023;LAL;11;terryda01;Dalen Terry;1:18;0;1;.000;0;1;.000;2;2;1.000;0;1;1;0;0;0;0;0;2;+4
29/03/2023;LAL;12;jonesca03;Carlik Jones;1:18;0;0;;0;0;;0;0;;0;0;0;0;0;0;0;0;0;+4
29/03/2023;LAL;13;simonma01;Marko Simonovic;Did Not Play
29/03/2023;LAL;14;taylote01;Terry Taylor;Did Not Play
