dateId;teamId;order;playerId;Starters;MP;FG;FGA;FG%;3P;3PA;3P%;FT;FTA;FT%;ORB;DRB;TRB;AST;STL;BLK;TOV;PF;PTS;+/-
23/01/2023;MIL;0;holidjr01;Jrue Holiday;29:41;7;12;.583;1;5;.200;1;1;1.000;0;4;4;7;2;0;0;3;16;+24
23/01/2023;MIL;1;antetgi01;Giannis Antetokounmpo;26:31;8;15;.533;2;4;.500;11;17;.647;1;11;12;4;0;0;4;1;29;+26
23/01/2023;MIL;2;connapa01;Pat Connaughton;25:39;2;3;.667;2;3;.667;0;0;;1;1;2;1;0;0;0;1;6;+39
23/01/2023;MIL;3;lopezbr01;Brook Lopez;24:02;8;12;.667;2;6;.333;3;4;.750;1;3;4;1;0;2;0;1;21;+15
23/01/2023;MIL;4;allengr01;Grayson Allen;23:28;3;6;.500;1;4;.250;2;2;1.000;1;2;3;5;3;1;1;1;9;+26
23/01/2023;MIL;5;Reserves;Reserves
23/01/2023;MIL;6;portibo01;Bobby Portis;23:05;8;12;.667;2;3;.667;0;0;;3;7;10;3;1;0;0;2;18;+16
23/01/2023;MIL;7;inglejo01;Joe Ingles;18:59;2;4;.500;2;4;.500;0;0;;1;2;3;3;2;1;0;2;6;0
23/01/2023;MIL;8;carteje01;Jevon Carter;15:43;6;8;.750;6;8;.750;0;0;;0;3;3;3;3;1;2;4;18;+2
23/01/2023;MIL;9;middlkh01;Khris Middleton;15:19;3;7;.429;2;4;.500;0;0;;2;0;2;4;0;0;6;3;8;-1
23/01/2023;MIL;10;nworajo01;Jordan Nwora;13:33;2;6;.333;0;4;.000;0;0;;2;2;4;4;0;1;1;3;4;-3
23/01/2023;MIL;11;beaucma01;MarJon Beauchamp;7:33;3;6;.500;1;2;.500;0;0;;0;0;0;1;0;0;1;1;7;-11
23/01/2023;MIL;12;matthwe02;Wesley Matthews;6:53;2;2;1.000;2;2;1.000;0;0;;0;0;0;1;0;0;1;2;6;-9
23/01/2023;MIL;13;greenaj01;A.J. Green;5:02;0;3;.000;0;3;.000;0;0;;0;1;1;0;0;0;2;1;0;-13
23/01/2023;MIL;14;antetth01;Thanasis Antetokounmpo;4:32;1;2;.500;0;0;;0;0;;1;1;2;1;0;0;0;2;2;-11
23/01/2023;MIL;15;hillge01;George Hill;Did Not Play
23/01/2023;MIL;0;durenja01;Jalen Duren;31:00;9;13;.692;0;0;;5;5;1.000;4;11;15;1;2;2;1;2;23;-16
23/01/2023;MIL;1;iveyja01;Jaden Ivey;29:33;4;10;.400;1;4;.250;3;6;.500;2;2;4;11;2;0;4;3;12;-9
23/01/2023;MIL;2;beysa01;Saddiq Bey;28:31;6;14;.429;2;6;.333;7;9;.778;1;2;3;2;1;0;1;3;21;-11
23/01/2023;MIL;3;bogdabo02;Bojan Bogdanović;27:34;11;15;.733;6;7;.857;5;5;1.000;0;3;3;0;1;0;2;2;33;-23
23/01/2023;MIL;4;liveris01;Isaiah Livers;21:38;2;5;.400;2;4;.500;3;3;1.000;0;1;1;1;1;0;0;2;9;-4
23/01/2023;MIL;5;Reserves;Reserves
23/01/2023;MIL;6;diallha01;Hamidou Diallo;20:40;4;7;.571;0;0;;3;5;.600;1;2;3;1;1;0;3;1;11;-20
23/01/2023;MIL;7;knoxke01;Kevin Knox;19:23;2;4;.500;1;2;.500;0;0;;2;3;5;0;1;0;2;2;5;+2
23/01/2023;MIL;8;mcgruro01;Rodney McGruder;18:38;2;4;.500;0;2;.000;0;0;;0;1;1;2;0;0;0;0;4;-2
23/01/2023;MIL;9;burksal01;Alec Burks;18:30;1;7;.143;0;3;.000;2;3;.667;0;1;1;1;1;0;3;3;4;-7
23/01/2023;MIL;10;josepco01;Cory Joseph;18:27;2;7;.286;1;4;.250;0;0;;1;2;3;7;0;1;2;1;5;-11
23/01/2023;MIL;11;noelne01;Nerlens Noel;6:06;0;1;.000;0;0;;3;4;.750;0;2;2;0;0;0;2;2;3;+1
23/01/2023;MIL;12;hayeski01;Killian Hayes;Did Not Play
