dateId;teamId;order;playerId;Starters;MP;FG;FGA;FG%;3P;3PA;3P%;FT;FTA;FT%;ORB;DRB;TRB;AST;STL;BLK;TOV;PF;PTS;+/-
07/02/2023;PHO;0;bridgmi01;Mikal Bridges;37:10;8;18;.444;2;6;.333;3;3;1.000;3;5;8;2;1;0;1;2;21;0
07/02/2023;PHO;1;aytonde01;Deandre Ayton;34:32;14;18;.778;0;0;;7;8;.875;6;9;15;0;1;0;1;3;35;+12
07/02/2023;PHO;2;paulch01;Chris Paul;33:39;3;10;.300;1;3;.333;2;2;1.000;0;2;2;12;5;2;2;4;9;+4
07/02/2023;PHO;3;johnsca02;Cameron Johnson;29:25;6;11;.545;2;4;.500;0;0;;2;3;5;2;1;0;2;0;14;+5
07/02/2023;PHO;4;bookede01;Devin Booker;25:35;6;15;.400;2;8;.250;5;7;.714;0;4;4;6;0;0;2;5;19;-3
07/02/2023;PHO;5;Reserves;Reserves
07/02/2023;PHO;6;craigto01;Torrey Craig;25:06;1;3;.333;0;2;.000;1;4;.250;2;2;4;0;0;2;3;2;3;+2
07/02/2023;PHO;7;leeda03;Damion Lee;21:56;1;2;.500;1;2;.500;2;2;1.000;0;2;2;3;0;0;0;3;5;+5
07/02/2023;PHO;8;landajo01;Jock Landale;12:35;3;4;.750;0;0;;1;2;.500;2;2;4;1;0;0;2;2;7;+2
07/02/2023;PHO;9;leesa01;Saben Lee;10:18;0;5;.000;0;2;.000;0;0;;0;1;1;4;1;0;1;2;0;-5
07/02/2023;PHO;10;wainris01;Ish Wainright;6:03;1;4;.250;1;4;.250;0;0;;0;2;2;1;1;0;1;0;3;0
07/02/2023;PHO;11;saricda01;Dario Šarić;3:41;0;2;.000;0;0;;0;0;;1;0;1;0;0;0;0;1;0;-2
07/02/2023;PHO;12;biyombi01;Bismack Biyombo;Did Not Play
07/02/2023;PHO;13;okogijo01;Josh Okogie;Did Not Play
07/02/2023;PHO;0;thomaca02;Cam Thomas;39:10;11;23;.478;3;9;.333;18;20;.900;0;5;5;3;1;1;3;2;43;-4
07/02/2023;PHO;1;claxtni01;Nic Claxton;32:35;8;11;.727;0;0;;1;2;.500;3;10;13;3;3;0;2;2;17;+6
07/02/2023;PHO;2;onealro01;Royce O'Neale;28:53;1;6;.167;1;6;.167;0;0;;0;4;4;6;1;0;1;5;3;-7
07/02/2023;PHO;3;simmobe01;Ben Simmons;26:30;1;2;.500;0;0;;0;1;.000;0;4;4;6;1;1;4;2;2;-1
07/02/2023;PHO;4;harrijo01;Joe Harris;23:57;3;8;.375;2;5;.400;0;0;;0;1;1;2;0;0;0;1;8;-6
07/02/2023;PHO;5;Reserves;Reserves
07/02/2023;PHO;6;warretj01;T.J. Warren;22:15;6;10;.600;1;2;.500;4;4;1.000;0;2;2;0;0;0;0;4;17;+6
07/02/2023;PHO;7;millspa02;Patty Mills;17:14;0;5;.000;0;3;.000;0;0;;0;1;1;3;0;0;0;1;0;-5
07/02/2023;PHO;8;sumneed01;Edmond Sumner;16:18;1;4;.250;1;2;.500;4;4;1.000;0;0;0;2;2;0;3;0;7;-5
07/02/2023;PHO;9;smithdr01;Dru Smith;11:59;2;3;.667;1;1;1.000;0;0;;0;2;2;0;2;0;1;2;5;+4
07/02/2023;PHO;10;dukeda01;David Duke Jr.;10:57;2;3;.667;0;0;;0;0;;0;0;0;0;1;0;0;2;4;-1
07/02/2023;PHO;11;sharpda01;Day'Ron Sharpe;10:12;3;4;.750;0;0;;0;0;;2;2;4;0;0;0;2;0;6;-7
