dateId;teamId;order;playerId;Starters;MP;FG;FGA;FG%;3P;3PA;3P%;FT;FTA;FT%;ORB;DRB;TRB;AST;STL;BLK;TOV;PF;PTS;+/-
12/12/2022;BOS;0;tatumja01;Jayson Tatum;36:34;7;20;.350;2;8;.250;4;4;1.000;2;9;11;4;1;0;3;3;20;-18
12/12/2022;BOS;1;smartma01;Marcus Smart;31:39;1;6;.167;1;4;.250;0;0;;0;1;1;3;0;1;3;5;3;-25
12/12/2022;BOS;2;brownja02;Jaylen Brown;29:41;9;15;.600;1;6;.167;2;6;.333;0;4;4;2;2;0;2;4;21;-26
12/12/2022;BOS;3;griffbl01;Blake Griffin;20:41;1;3;.333;0;2;.000;3;5;.600;1;5;6;5;0;0;0;1;5;-20
12/12/2022;BOS;4;whitede01;Derrick White;15:24;1;3;.333;1;3;.333;0;0;;0;0;0;1;0;0;0;0;3;-16
12/12/2022;BOS;5;Reserves;Reserves
12/12/2022;BOS;6;brogdma01;Malcolm Brogdon;31:28;6;12;.500;2;6;.333;4;4;1.000;1;3;4;6;0;1;4;1;18;-3
12/12/2022;BOS;7;willigr01;Grant Williams;29:28;4;7;.571;1;3;.333;5;7;.714;1;3;4;2;2;0;1;1;14;-4
12/12/2022;BOS;8;kornelu01;Luke Kornet;14:58;2;2;1.000;0;0;;0;0;;0;2;2;1;0;2;0;1;4;+7
12/12/2022;BOS;9;hausesa01;Sam Hauser;13:10;2;7;.286;1;6;.167;0;0;;0;1;1;1;0;0;0;0;5;+3
12/12/2022;BOS;10;pritcpa01;Payton Pritchard;7:14;0;1;.000;0;1;.000;0;0;;0;0;0;2;0;0;1;0;0;-2
12/12/2022;BOS;11;vonleno01;Noah Vonleh;6:27;0;0;;0;0;;0;0;;0;2;2;0;0;1;0;1;0;+3
12/12/2022;BOS;12;jacksju01;Justin Jackson;3:16;0;0;;0;0;;0;0;;0;1;1;0;0;1;1;0;0;+1
12/12/2022;BOS;13;kabenmf01;Mfiondu Kabengele;Did Not Play
12/12/2022;BOS;0;georgpa01;Paul George;35:27;8;22;.364;2;5;.400;8;9;.889;0;6;6;3;1;0;2;4;26;+18
12/12/2022;BOS;1;leonaka01;Kawhi Leonard;29:12;10;12;.833;2;3;.667;3;6;.500;0;9;9;6;1;0;2;2;25;+23
12/12/2022;BOS;2;jacksre01;Reggie Jackson;26:47;3;8;.375;1;4;.250;0;0;;0;2;2;2;2;0;2;2;7;+24
12/12/2022;BOS;3;morrima03;Marcus Morris;26:32;6;8;.750;1;2;.500;0;0;;0;2;2;0;0;0;0;1;13;+18
12/12/2022;BOS;4;zubaciv01;Ivica Zubac;17:06;1;1;1.000;0;0;;2;4;.500;1;2;3;1;0;1;1;5;4;+14
12/12/2022;BOS;5;Reserves;Reserves
12/12/2022;BOS;6;batumni01;Nicolas Batum;26:47;2;2;1.000;1;1;1.000;2;2;1.000;2;5;7;0;2;0;1;5;7;+3
12/12/2022;BOS;7;kennalu01;Luke Kennard;25:44;5;9;.556;2;5;.400;0;0;;0;0;0;1;2;0;1;4;12;+2
12/12/2022;BOS;8;mannte01;Terance Mann;20:06;4;9;.444;1;2;.500;0;0;;5;2;7;0;0;1;0;2;9;+3
12/12/2022;BOS;9;walljo01;John Wall;18:33;3;10;.300;0;2;.000;0;0;;0;4;4;4;1;0;0;1;6;-1
12/12/2022;BOS;10;brownmo01;Moses Brown;3:37;1;2;.500;0;0;;0;0;;1;2;3;0;0;0;0;0;2;-1
12/12/2022;BOS;11;coffeam01;Amir Coffey;3:37;0;2;.000;0;1;.000;0;0;;0;0;0;0;1;0;0;0;0;-1
12/12/2022;BOS;12;diabamo01;Moussa Diabaté;3:16;1;2;.500;0;0;;0;0;;2;1;3;0;0;0;0;0;2;-1
12/12/2022;BOS;13;bostobr01;Brandon Boston Jr.;3:16;0;3;.000;0;0;;0;0;;0;0;0;1;0;0;0;0;0;-1
12/12/2022;BOS;14;covinro01;Robert Covington;Did Not Play
