dateId;teamId;order;playerId;Starters;MP;FG;FGA;FG%;3P;3PA;3P%;FT;FTA;FT%;ORB;DRB;TRB;AST;STL;BLK;TOV;PF;PTS;+/-
19/12/2022;SAS;0;vassede01;Devin Vassell;28:41;10;17;.588;5;8;.625;1;1;1.000;0;4;4;5;1;0;2;1;26;+18
19/12/2022;SAS;1;jonestr01;Tre Jones;27:52;5;13;.385;1;5;.200;2;2;1.000;2;4;6;8;1;0;1;0;13;+10
19/12/2022;SAS;2;bateske01;Keita Bates-Diop;26:35;2;7;.286;1;3;.333;4;4;1.000;1;5;6;2;2;0;2;2;9;+10
19/12/2022;SAS;3;poeltja01;Jakob Poeltl;22:30;4;6;.667;0;0;;0;0;;0;5;5;1;0;2;1;5;8;+6
19/12/2022;SAS;4;langfro01;Romeo Langford;19:14;2;2;1.000;1;1;1.000;1;2;.500;0;1;1;1;0;1;0;1;6;+3
19/12/2022;SAS;5;Reserves;Reserves
19/12/2022;SAS;6;sochaje01;Jeremy Sochan;23:08;5;8;.625;1;3;.333;1;4;.250;2;5;7;2;0;1;2;4;12;+17
19/12/2022;SAS;7;colliza01;Zach Collins;22:44;2;4;.500;0;0;;6;6;1.000;3;4;7;3;0;1;4;3;10;+18
19/12/2022;SAS;8;mcderdo01;Doug McDermott;22:40;6;11;.545;4;6;.667;0;0;;1;3;4;2;0;0;2;2;16;+16
19/12/2022;SAS;9;branhma01;Malaki Branham;21:31;6;8;.750;2;4;.500;0;0;;0;3;3;3;2;0;4;3;14;+4
19/12/2022;SAS;10;johnsst04;Stanley Johnson;19:24;4;6;.667;2;3;.667;0;0;;0;3;3;3;0;1;1;1;10;+5
19/12/2022;SAS;11;robyis01;Isaiah Roby;2:55;0;1;.000;0;1;.000;0;0;;0;0;0;0;0;0;0;1;0;-7
19/12/2022;SAS;12;bassech01;Charles Bassey;2:46;0;0;;0;0;;0;0;;0;0;0;0;0;0;0;0;0;-5
19/12/2022;SAS;13;dienggo01;Gorgui Dieng;Did Not Play
19/12/2022;SAS;0;greenja05;Jalen Green;31:25;3;12;.250;1;3;.333;6;7;.857;0;1;1;2;2;0;2;1;13;-15
19/12/2022;SAS;1;smithja05;Jabari Smith Jr.;30:26;4;14;.286;0;4;.000;1;1;1.000;3;5;8;1;1;1;2;1;9;-22
19/12/2022;SAS;2;gordoer01;Eric Gordon;27:54;2;7;.286;1;2;.500;0;0;;0;0;0;1;1;0;0;0;5;-26
19/12/2022;SAS;3;porteke02;Kevin Porter Jr.;26:38;6;16;.375;1;5;.200;2;3;.667;3;1;4;4;2;1;1;4;15;-25
19/12/2022;SAS;4;sengual01;Alperen Şengün;23:42;8;10;.800;0;0;;6;8;.750;1;3;4;3;1;1;0;3;22;-16
19/12/2022;SAS;5;Reserves;Reserves
19/12/2022;SAS;6;nixda01;Daishen Nix;23:54;2;7;.286;0;4;.000;0;0;;0;3;3;9;3;0;2;2;4;+11
19/12/2022;SAS;7;easonta01;Tari Eason;23:45;3;5;.600;1;2;.500;4;6;.667;1;3;4;0;1;0;1;1;11;-3
19/12/2022;SAS;8;martike04;Kenyon Martin Jr.;19:56;4;6;.667;0;1;.000;0;4;.000;4;3;7;1;1;0;1;1;8;-10
19/12/2022;SAS;9;garubus01;Usman Garuba;14:43;0;5;.000;0;1;.000;0;0;;3;2;5;1;1;0;1;1;0;-5
19/12/2022;SAS;10;fernabr01;Bruno Fernando;9:35;3;6;.500;0;0;;1;2;.500;1;3;4;1;0;0;1;2;7;+2
19/12/2022;SAS;11;washity02;TyTy Washington Jr.;4:01;4;5;.800;1;2;.500;0;0;;0;0;0;0;0;0;0;0;9;+7
19/12/2022;SAS;12;marjabo01;Boban Marjanović;4:01;1;1;1.000;0;0;;0;0;;0;1;1;0;0;0;0;0;2;+7
