dateId;teamId;order;playerId;Starters;MP;FG;FGA;FG%;3P;3PA;3P%;FT;FTA;FT%;ORB;DRB;TRB;AST;STL;BLK;TOV;PF;PTS;+/-
17/01/2023;POR;0;simonan01;Anfernee Simons;36:53;5;15;.333;2;10;.200;2;2;1.000;0;2;2;2;0;0;4;3;14;-6
17/01/2023;POR;1;lillada01;Damian Lillard;34:26;12;20;.600;6;12;.500;14;14;1.000;0;3;3;8;0;0;2;4;44;-20
17/01/2023;POR;2;grantje01;Jerami Grant;33:26;7;15;.467;2;4;.500;2;3;.667;0;4;4;2;2;0;0;3;18;-15
17/01/2023;POR;3;hartjo01;Josh Hart;29:19;2;5;.400;0;2;.000;0;0;;0;6;6;4;0;0;1;2;4;-22
17/01/2023;POR;4;nurkiju01;Jusuf Nurkić;29:12;2;9;.222;1;4;.250;1;1;1.000;2;8;10;2;0;2;4;5;6;-21
17/01/2023;POR;5;Reserves;Reserves
17/01/2023;POR;6;paytoga02;Gary Payton II;17:51;0;2;.000;0;2;.000;0;0;;1;4;5;2;0;0;1;2;0;+4
17/01/2023;POR;7;sharpsh01;Shaedon Sharpe;17:35;5;7;.714;2;4;.500;1;1;1.000;1;1;2;0;0;0;1;3;13;0
17/01/2023;POR;8;eubandr01;Drew Eubanks;16:26;3;4;.750;0;0;;0;0;;1;2;3;0;1;2;0;1;6;+6
17/01/2023;POR;9;littlna01;Nassir Little;12:02;1;4;.250;0;1;.000;0;0;;0;0;0;0;0;0;0;1;2;0
17/01/2023;POR;10;walkeja01;Jabari Walker;5:44;0;0;;0;0;;0;0;;0;0;0;0;0;0;0;0;0;+11
17/01/2023;POR;11;johnske07;Keon Johnson;2:22;0;1;.000;0;1;.000;4;4;1.000;0;0;0;1;0;0;0;0;4;+6
17/01/2023;POR;12;watfotr01;Trendon Watford;2:22;1;1;1.000;0;0;;0;0;;0;0;0;0;0;0;0;0;2;+6
17/01/2023;POR;13;browngr01;Greg Brown III;2:22;0;0;;0;0;;0;0;;0;0;0;0;0;0;0;0;0;+6
17/01/2023;POR;0;jokicni01;Nikola Jokić;34:28;13;14;.929;1;2;.500;9;10;.900;2;10;12;10;1;1;4;2;36;+19
17/01/2023;POR;1;caldwke01;Kentavious Caldwell-Pope;32:05;2;9;.222;0;3;.000;5;5;1.000;0;1;1;3;3;1;0;4;9;+16
17/01/2023;POR;2;gordoaa01;Aaron Gordon;31:33;3;8;.375;0;1;.000;5;5;1.000;2;5;7;8;1;1;2;0;11;+20
17/01/2023;POR;3;portemi01;Michael Porter Jr.;30:34;9;13;.692;4;6;.667;1;1;1.000;0;4;4;0;0;0;0;2;23;+21
17/01/2023;POR;4;murraja01;Jamal Murray;30:16;6;15;.400;3;7;.429;2;2;1.000;0;5;5;7;2;1;0;1;17;+13
17/01/2023;POR;5;Reserves;Reserves
17/01/2023;POR;6;brownbr01;Bruce Brown;29:19;5;9;.556;1;2;.500;1;3;.333;1;3;4;1;1;1;2;2;12;+5
17/01/2023;POR;7;cancavl01;Vlatko Čančar;16:27;0;1;.000;0;0;;0;0;;0;1;1;2;0;0;1;2;0;-11
17/01/2023;POR;8;hylanbo01;Bones Hyland;15:40;2;10;.200;1;7;.143;0;0;;0;2;2;1;0;1;0;1;5;-7
17/01/2023;POR;9;nnajize01;Zeke Nnaji;13:32;3;8;.375;1;4;.250;0;2;.000;6;0;6;0;0;0;0;1;7;-10
17/01/2023;POR;10;reedda01;Davon Reed;2:02;1;1;1.000;0;0;;0;0;;0;0;0;0;0;0;1;0;2;-7
17/01/2023;POR;11;braunch01;Christian Braun;2:02;0;0;;0;0;;0;0;;0;0;0;0;0;0;0;0;0;-7
17/01/2023;POR;12;whiteja03;Jack White;2:02;0;0;;0;0;;0;0;;0;0;0;0;0;0;1;0;0;-7
17/01/2023;POR;13;jordade01;DeAndre Jordan;Did Not Play
17/01/2023;POR;14;smithis01;Ish Smith;Did Not Play
