dateId;teamId;order;playerId;Starters;MP;FG;FGA;FG%;3P;3PA;3P%;FT;FTA;FT%;ORB;DRB;TRB;AST;STL;BLK;TOV;PF;PTS;+/-
25/11/2022;SAC;0;sabondo01;Domantas Sabonis;33:12;7;13;.538;0;2;.000;4;4;1.000;2;8;10;6;0;0;3;5;18;-14
25/11/2022;SAC;1;huertke01;Kevin Huerter;31:49;2;10;.200;0;6;.000;3;3;1.000;0;3;3;3;0;1;2;2;7;-13
25/11/2022;SAC;2;foxde01;De'Aaron Fox;30:31;6;17;.353;3;9;.333;5;5;1.000;0;4;4;2;0;0;2;1;20;-26
25/11/2022;SAC;3;murrake02;Keegan Murray;22:43;1;8;.125;1;6;.167;0;0;;3;7;10;0;1;1;1;2;3;-14
25/11/2022;SAC;4;barneha02;Harrison Barnes;22:36;4;9;.444;0;0;;4;4;1.000;3;2;5;1;0;0;2;3;12;-19
25/11/2022;SAC;5;Reserves;Reserves
25/11/2022;SAC;6;monkma01;Malik Monk;22:35;4;12;.333;1;6;.167;0;1;.000;0;2;2;3;1;0;1;1;9;-9
25/11/2022;SAC;7;okpalkz01;KZ Okpala;20:43;3;5;.600;1;2;.500;0;0;;1;3;4;1;1;1;0;4;7;+1
25/11/2022;SAC;8;mitchda01;Davion Mitchell;14:08;5;6;.833;1;1;1.000;2;2;1.000;0;0;0;1;0;1;1;1;13;-3
25/11/2022;SAC;9;daviste02;Terence Davis;13:56;1;2;.500;1;2;.500;0;0;;0;3;3;1;0;0;2;2;3;0
25/11/2022;SAC;10;metuch01;Chimezie Metu;10:18;1;2;.500;0;0;;2;2;1.000;1;1;2;0;0;0;2;1;4;-11
25/11/2022;SAC;11;lylestr01;Trey Lyles;8:29;1;1;1.000;1;1;1.000;3;4;.750;1;1;2;0;0;0;2;0;6;+4
25/11/2022;SAC;12;dellama01;Matthew Dellavedova;4:30;1;2;.500;0;1;.000;0;1;.000;0;0;0;2;0;0;0;0;2;+7
25/11/2022;SAC;13;holmeri01;Richaun Holmes;4:30;0;0;;0;0;;0;0;;0;0;0;0;0;0;0;0;0;+7
25/11/2022;SAC;14;lenal01;Alex Len;Did Not Play
25/11/2022;SAC;0;tatumja01;Jayson Tatum;31:09;10;17;.588;2;6;.333;8;9;.889;1;7;8;4;1;0;3;4;30;+12
25/11/2022;SAC;1;smartma01;Marcus Smart;29:19;0;4;.000;0;3;.000;4;4;1.000;0;4;4;5;0;0;4;5;4;+12
25/11/2022;SAC;2;horfoal01;Al Horford;27:47;5;8;.625;3;3;1.000;0;0;;0;4;4;5;0;2;0;1;13;0
25/11/2022;SAC;3;brownja02;Jaylen Brown;26:41;9;16;.563;1;4;.250;6;6;1.000;0;5;5;4;2;0;1;4;25;+5
25/11/2022;SAC;4;whitede01;Derrick White;25:31;6;11;.545;3;7;.429;1;2;.500;0;3;3;2;3;0;0;2;16;-2
25/11/2022;SAC;5;Reserves;Reserves
25/11/2022;SAC;6;hausesa01;Sam Hauser;21:34;3;6;.500;3;6;.500;0;0;;1;2;3;1;0;0;0;1;9;+21
25/11/2022;SAC;7;brogdma01;Malcolm Brogdon;20:49;3;9;.333;2;3;.667;0;0;;1;2;3;4;2;1;1;2;8;+21
25/11/2022;SAC;8;willigr01;Grant Williams;18:27;0;3;.000;0;1;.000;2;2;1.000;1;0;1;2;0;1;0;2;2;-2
25/11/2022;SAC;9;pritcpa01;Payton Pritchard;15:12;2;4;.500;2;3;.667;3;4;.750;0;1;1;0;0;0;0;0;9;+22
25/11/2022;SAC;10;kornelu01;Luke Kornet;12:47;2;2;1.000;0;0;;0;0;;0;5;5;0;0;2;0;3;4;+19
25/11/2022;SAC;11;jacksju01;Justin Jackson;4:04;0;1;.000;0;1;.000;0;0;;0;1;1;0;0;0;0;0;0;-9
25/11/2022;SAC;12;vonleno01;Noah Vonleh;3:45;0;0;;0;0;;0;0;;0;0;0;0;0;0;1;0;0;-7
25/11/2022;SAC;13;davisjd01;JD Davison;2:55;1;2;.500;0;0;;0;0;;0;0;0;0;1;0;0;0;2;-2
25/11/2022;SAC;14;griffbl01;Blake Griffin;Did Not Play
25/11/2022;SAC;15;kabenmf01;Mfiondu Kabengele;Did Not Play
