dateId;teamId;order;playerId;Starters;MP;FG;FGA;FG%;3P;3PA;3P%;FT;FTA;FT%;ORB;DRB;TRB;AST;STL;BLK;TOV;PF;PTS;+/-
12/11/2022;BRK;0;duranke01;Kevin Durant;34:32;10;16;.625;3;5;.600;4;4;1.000;0;6;6;3;2;2;3;4;27;+16
12/11/2022;BRK;1;onealro01;Royce O'Neale;34:32;3;11;.273;3;6;.500;3;4;.750;1;4;5;3;1;0;3;3;12;+16
12/11/2022;BRK;2;claxtni01;Nic Claxton;31:46;6;9;.667;0;0;;1;5;.200;2;12;14;2;1;3;0;1;13;+14
12/11/2022;BRK;3;harrijo01;Joe Harris;31:38;2;6;.333;2;5;.400;1;2;.500;0;2;2;3;1;0;1;1;7;+7
12/11/2022;BRK;4;sumneed01;Edmond Sumner;22:48;4;10;.400;2;6;.333;1;1;1.000;0;1;1;4;3;1;2;1;11;+6
12/11/2022;BRK;5;Reserves;Reserves
12/11/2022;BRK;6;curryse01;Seth Curry;27:55;9;15;.600;4;8;.500;0;1;.000;0;3;3;3;0;0;1;2;22;+12
12/11/2022;BRK;7;thomaca02;Cam Thomas;25:03;1;6;.167;0;1;.000;2;2;1.000;0;2;2;3;1;0;2;2;4;+2
12/11/2022;BRK;8;simmobe01;Ben Simmons;14:28;1;2;.500;0;0;;0;0;;1;4;5;3;0;0;0;4;2;-1
12/11/2022;BRK;9;millspa02;Patty Mills;11:33;2;5;.400;2;4;.500;0;0;;1;0;1;1;0;0;0;0;6;-3
12/11/2022;BRK;10;sharpda01;Day'Ron Sharpe;1:55;1;1;1.000;0;0;;2;2;1.000;0;1;1;1;0;0;0;0;4;+2
12/11/2022;BRK;11;dukeda01;David Duke Jr.;1:55;1;1;1.000;0;0;;0;0;;1;0;1;1;0;0;0;0;2;+2
12/11/2022;BRK;12;edwarke02;Kessler Edwards;1:55;0;1;.000;0;0;;0;0;;0;0;0;0;0;0;0;0;0;+2
12/11/2022;BRK;13;morrima02;Markieff Morris;Did Not Play
12/11/2022;BRK;0;georgpa01;Paul George;34:06;5;21;.238;1;6;.167;6;7;.857;0;4;4;4;0;2;2;3;17;-19
12/11/2022;BRK;1;jacksre01;Reggie Jackson;33:20;2;5;.400;2;5;.400;0;0;;1;5;6;6;1;0;3;2;6;-18
12/11/2022;BRK;2;morrima03;Marcus Morris;28:14;5;9;.556;3;5;.600;0;0;;2;4;6;2;0;0;1;2;13;-13
12/11/2022;BRK;3;zubaciv01;Ivica Zubac;27:42;6;8;.750;0;0;;4;6;.667;5;10;15;0;0;0;5;4;16;-5
12/11/2022;BRK;4;kennalu01;Luke Kennard;24:15;3;5;.600;2;4;.500;1;1;1.000;0;3;3;0;0;0;2;2;9;-16
12/11/2022;BRK;5;Reserves;Reserves
12/11/2022;BRK;6;powelno01;Norman Powell;26:31;6;14;.429;1;1;1.000;3;3;1.000;1;1;2;1;2;1;0;1;16;+1
12/11/2022;BRK;7;walljo01;John Wall;24:25;5;11;.455;2;4;.500;2;3;.667;0;1;1;6;1;0;3;2;14;-12
12/11/2022;BRK;8;mannte01;Terance Mann;19:09;1;5;.200;0;3;.000;0;0;;0;3;3;2;0;1;0;1;2;+5
12/11/2022;BRK;9;batumni01;Nicolas Batum;17:36;0;5;.000;0;3;.000;0;0;;1;5;6;1;0;2;0;0;0;0
12/11/2022;BRK;10;coffeam01;Amir Coffey;2:21;1;2;.500;0;0;;0;0;;0;0;0;0;0;0;0;0;2;+1
12/11/2022;BRK;11;brownmo01;Moses Brown;2:21;0;0;;0;0;;0;0;;0;0;0;0;0;0;0;0;0;+1
12/11/2022;BRK;12;covinro01;Robert Covington;Did Not Play
