dateId;teamId;order;playerId;Starters;MP;FG;FGA;FG%;3P;3PA;3P%;FT;FTA;FT%;ORB;DRB;TRB;AST;STL;BLK;TOV;PF;PTS;+/-
24/03/2023;HOU;0;martike04;Kenyon Martin Jr.;30:14;4;6;.667;0;1;.000;2;2;1.000;0;3;3;2;0;1;1;3;10;-28
24/03/2023;HOU;1;greenja05;Jalen Green;30:13;6;15;.400;0;3;.000;1;2;.500;1;1;2;5;1;0;1;0;13;-26
24/03/2023;HOU;2;smithja05;Jabari Smith Jr.;29:26;9;16;.563;2;4;.500;0;0;;3;5;8;0;0;1;0;2;20;-25
24/03/2023;HOU;3;porteke02;Kevin Porter Jr.;29:19;7;12;.583;1;2;.500;5;7;.714;0;6;6;7;2;0;3;1;20;-22
24/03/2023;HOU;4;sengual01;Alperen Şengün;25:18;3;6;.500;0;1;.000;1;3;.333;1;4;5;2;1;0;2;3;7;-18
24/03/2023;HOU;5;Reserves;Reserves
24/03/2023;HOU;6;easonta01;Tari Eason;29:11;9;13;.692;1;2;.500;2;3;.667;1;3;4;3;1;0;1;0;21;-21
24/03/2023;HOU;7;nixda01;Daishen Nix;20:02;3;8;.375;2;6;.333;1;2;.500;0;2;2;1;1;0;1;1;9;-17
24/03/2023;HOU;8;garubus01;Usman Garuba;19:27;1;2;.500;0;1;.000;0;0;;2;1;3;0;0;0;1;3;2;-15
24/03/2023;HOU;9;chrisjo01;Josh Christopher;16:26;3;6;.500;1;3;.333;1;2;.500;0;0;0;3;1;1;1;0;8;-9
24/03/2023;HOU;10;marjabo01;Boban Marjanović;10:24;2;3;.667;0;0;;0;0;;2;3;5;2;0;0;4;1;4;-4
24/03/2023;HOU;11;tateja01;Jae'Sean Tate;Did Not Play
24/03/2023;HOU;0;jacksja02;Jaren Jackson Jr.;25:33;5;13;.385;0;4;.000;8;9;.889;1;6;7;2;2;2;2;3;18;+20
24/03/2023;HOU;1;jonesty01;Tyus Jones;23:09;4;8;.500;3;4;.750;0;0;;0;3;3;9;0;0;1;0;11;+15
24/03/2023;HOU;2;tillmxa01;Xavier Tillman Sr.;21:09;4;4;1.000;0;0;;0;0;;1;3;4;0;2;0;1;2;8;+14
24/03/2023;HOU;3;banede01;Desmond Bane;20:25;10;13;.769;5;7;.714;0;0;;2;2;4;1;2;1;1;4;25;+24
24/03/2023;HOU;4;brookdi01;Dillon Brooks;17:43;4;7;.571;2;3;.667;1;2;.500;0;1;1;1;1;1;0;5;11;+2
24/03/2023;HOU;5;Reserves;Reserves
24/03/2023;HOU;6;aldamsa01;Santi Aldama;26:16;2;2;1.000;2;2;1.000;2;2;1.000;1;5;6;2;1;0;2;1;8;+28
24/03/2023;HOU;7;roddyda01;David Roddy;24:00;2;5;.400;0;3;.000;0;0;;0;2;2;2;0;0;1;2;4;+22
24/03/2023;HOU;8;kennalu01;Luke Kennard;23:56;10;11;.909;10;11;.909;0;0;;0;0;0;3;1;0;0;1;30;+28
24/03/2023;HOU;9;moranja01;Ja Morant;19:27;8;12;.667;1;2;.500;1;1;1.000;0;2;2;8;0;1;1;0;18;+30
24/03/2023;HOU;10;konchjo01;John Konchar;18:22;1;4;.250;1;4;.250;0;0;;0;3;3;2;1;1;1;0;3;+6
24/03/2023;HOU;11;loftoke01;Kenneth Lofton Jr.;10:00;5;9;.556;1;1;1.000;0;0;;0;2;2;3;2;1;0;1;11;-2
24/03/2023;HOU;12;chandke01;Kennedy Chandler;10:00;2;5;.400;0;1;.000;0;0;;0;1;1;3;0;0;0;0;4;-2
