dateId;teamId;order;playerId;Starters;MP;FG;FGA;FG%;3P;3PA;3P%;FT;FTA;FT%;ORB;DRB;TRB;AST;STL;BLK;TOV;PF;PTS;+/-
02/01/2023;PHO;0;bridgmi01;Mikal Bridges;34:50;4;11;.364;2;5;.400;0;0;;0;4;4;4;0;0;0;3;10;-18
02/01/2023;PHO;1;paulch01;Chris Paul;30:12;4;11;.364;1;3;.333;2;2;1.000;1;3;4;2;1;0;0;2;11;-38
02/01/2023;PHO;2;aytonde01;Deandre Ayton;29:24;6;13;.462;0;1;.000;0;0;;0;5;5;2;1;0;3;1;12;-24
02/01/2023;PHO;3;shamela01;Landry Shamet;25:27;2;9;.222;2;6;.333;0;0;;0;6;6;2;0;0;3;0;6;-7
02/01/2023;PHO;4;craigto01;Torrey Craig;22:50;2;7;.286;0;4;.000;0;0;;1;6;7;0;0;0;0;3;4;-14
02/01/2023;PHO;5;Reserves;Reserves
02/01/2023;PHO;6;leeda03;Damion Lee;19:31;4;6;.667;2;4;.500;0;0;;0;0;0;0;0;0;0;2;10;-8
02/01/2023;PHO;7;landajo01;Jock Landale;18:36;1;3;.333;0;2;.000;0;0;;0;3;3;1;0;0;1;1;2;+5
02/01/2023;PHO;8;payneca01;Cameron Payne;17:48;3;7;.429;0;1;.000;2;2;1.000;0;1;1;7;0;0;1;1;8;+19
02/01/2023;PHO;9;wainris01;Ish Wainright;16:24;3;8;.375;2;5;.400;0;0;;2;1;3;2;1;0;0;2;8;+7
02/01/2023;PHO;10;washidu02;Duane Washington Jr.;12:00;4;9;.444;1;4;.250;1;1;1.000;0;2;2;1;1;0;0;0;10;+2
02/01/2023;PHO;11;saricda01;Dario Šarić;8:46;0;2;.000;0;2;.000;0;0;;0;0;0;1;0;0;0;1;0;-12
02/01/2023;PHO;12;okogijo01;Josh Okogie;4:12;1;1;1.000;0;0;;0;2;.000;1;0;1;0;0;0;0;1;2;-7
02/01/2023;PHO;13;biyombi01;Bismack Biyombo;Did Not Play
02/01/2023;PHO;0;randlju01;Julius Randle;39:54;7;18;.389;4;12;.333;10;12;.833;0;16;16;6;1;0;1;3;28;+12
02/01/2023;PHO;1;brunsja01;Jalen Brunson;38:55;8;18;.444;2;3;.667;6;11;.545;0;4;4;6;0;0;2;3;24;+20
02/01/2023;PHO;2;grimequ01;Quentin Grimes;35:53;5;9;.556;2;6;.333;0;0;;0;3;3;5;0;1;1;0;12;+10
02/01/2023;PHO;3;quickim01;Immanuel Quickley;35:47;6;12;.500;3;6;.500;0;0;;1;4;5;3;0;0;1;3;15;+12
02/01/2023;PHO;4;robinmi01;Mitchell Robinson;34:49;5;7;.714;0;0;;0;0;;4;6;10;2;0;1;0;1;10;+27
02/01/2023;PHO;5;Reserves;Reserves
02/01/2023;PHO;6;mcbrimi01;Miles McBride;17:55;1;2;.500;1;2;.500;0;0;;0;0;0;0;0;0;1;0;3;+7
02/01/2023;PHO;7;fournev01;Evan Fournier;14:27;2;6;.333;1;4;.250;0;0;;0;5;5;1;0;0;1;1;5;+11
02/01/2023;PHO;8;harteis01;Isaiah Hartenstein;12:08;1;1;1.000;0;0;;1;2;.500;0;1;1;2;0;0;0;1;3;-5
02/01/2023;PHO;9;simsje01;Jericho Sims;8:40;1;1;1.000;0;0;;0;0;;0;1;1;1;0;0;0;0;2;+4
02/01/2023;PHO;10;arcidry01;Ryan Arcidiacono;1:03;0;0;;0;0;;0;0;;0;0;0;0;0;0;0;1;0;-3
02/01/2023;PHO;11;mykhasv01;Svi Mykhailiuk;0:28;0;0;;0;0;;0;0;;0;0;0;0;0;0;0;0;0;0
02/01/2023;PHO;12;reddica01;Cam Reddish;Did Not Play
