dateId;teamId;order;playerId;Starters;MP;FG;FGA;FG%;3P;3PA;3P%;FT;FTA;FT%;ORB;DRB;TRB;AST;STL;BLK;TOV;PF;PTS;+/-
14/12/2022;WAS;0;kuzmaky01;Kyle Kuzma;35:47;9;16;.563;4;8;.500;2;6;.333;0;2;2;4;0;0;3;4;24;-24
14/12/2022;WAS;1;kispeco01;Corey Kispert;34:38;6;10;.600;4;6;.667;0;0;;0;1;1;2;0;1;0;3;16;-1
14/12/2022;WAS;2;avdijde01;Deni Avdija;28:44;4;7;.571;1;2;.500;0;0;;0;6;6;5;3;0;2;5;9;-17
14/12/2022;WAS;3;morrimo01;Monte Morris;27:30;7;11;.636;4;7;.571;2;3;.667;0;0;0;7;1;0;0;3;20;-1
14/12/2022;WAS;4;gibsota01;Taj Gibson;17:57;2;5;.400;1;3;.333;3;4;.750;1;1;2;2;2;1;0;6;8;-11
14/12/2022;WAS;5;Reserves;Reserves
14/12/2022;WAS;6;bartowi01;Will Barton;35:43;7;15;.467;4;8;.500;4;7;.571;1;2;3;9;1;0;5;3;22;-14
14/12/2022;WAS;7;gaffoda01;Daniel Gafford;25:40;5;10;.500;0;0;;1;1;1.000;0;7;7;3;1;2;1;2;11;-1
14/12/2022;WAS;8;goodwjo01;Jordan Goodwin;20:30;5;12;.417;1;4;.250;1;2;.500;1;0;1;6;0;1;2;1;12;-12
14/12/2022;WAS;9;gillan01;Anthony Gill;11:47;3;4;.750;0;1;.000;0;0;;1;1;2;1;1;0;0;1;6;+13
14/12/2022;WAS;10;dotsode01;Devon Dotson;1:44;0;1;.000;0;0;;0;0;;0;0;0;1;1;0;0;0;0;+3
14/12/2022;WAS;11;porzikr01;Kristaps Porziņģis;Did Not Play
14/12/2022;WAS;0;jokicni01;Nikola Jokić;33:03;17;20;.850;0;2;.000;9;10;.900;2;12;14;8;5;1;8;2;43;+28
14/12/2022;WAS;1;gordoaa01;Aaron Gordon;31:04;8;14;.571;0;1;.000;6;7;.857;1;6;7;3;1;1;2;0;22;+21
14/12/2022;WAS;2;caldwke01;Kentavious Caldwell-Pope;30:39;4;11;.364;0;2;.000;3;4;.750;1;4;5;3;2;1;0;1;11;+23
14/12/2022;WAS;3;murraja01;Jamal Murray;30:15;2;6;.333;1;3;.333;0;0;;0;4;4;6;0;0;0;2;5;+19
14/12/2022;WAS;4;brownbr01;Bruce Brown;27:53;5;6;.833;1;2;.500;2;2;1.000;1;2;3;4;0;1;1;2;13;+13
14/12/2022;WAS;5;Reserves;Reserves
14/12/2022;WAS;6;hylanbo01;Bones Hyland;28:14;8;11;.727;2;5;.400;5;6;.833;0;2;2;6;0;1;3;4;23;-1
14/12/2022;WAS;7;braunch01;Christian Braun;23:33;3;6;.500;0;1;.000;2;4;.500;0;1;1;0;0;0;0;1;8;-10
14/12/2022;WAS;8;greenje02;Jeff Green;15:12;5;6;.833;0;0;;0;0;;1;4;5;1;0;1;1;1;10;-5
14/12/2022;WAS;9;jordade01;DeAndre Jordan;13:13;2;3;.667;0;0;;0;0;;0;2;2;0;0;1;1;3;4;-12
14/12/2022;WAS;10;nnajize01;Zeke Nnaji;1:44;0;0;;0;0;;2;2;1.000;1;1;2;0;0;0;0;0;2;-3
14/12/2022;WAS;11;cancavl01;Vlatko Čančar;1:44;0;0;;0;0;;0;0;;0;0;0;0;0;0;1;1;0;-3
14/12/2022;WAS;12;reedda01;Davon Reed;1:44;0;0;;0;0;;0;0;;0;0;0;0;0;0;0;0;0;-3
14/12/2022;WAS;13;smithis01;Ish Smith;1:42;0;0;;0;0;;0;0;;0;0;0;0;0;0;1;0;0;-2
