dateId;teamId;order;playerId;Starters;MP;FG;FGA;FG%;3P;3PA;3P%;FT;FTA;FT%;ORB;DRB;TRB;AST;STL;BLK;TOV;PF;PTS;+/-
12/12/2022;MIN;0;edwaran01;Anthony Edwards;33:23;6;16;.375;3;3;1.000;2;6;.333;1;1;2;3;2;0;2;4;17;-25
12/12/2022;MIN;1;goberru01;Rudy Gobert;31:30;8;13;.615;0;0;;0;1;.000;5;15;20;2;1;0;1;4;16;-9
12/12/2022;MIN;2;russeda01;D'Angelo Russell;29:33;9;19;.474;3;10;.300;2;3;.667;0;3;3;8;1;1;2;1;23;-13
12/12/2022;MIN;3;mcdanja02;Jaden McDaniels;28:21;1;4;.250;0;2;.000;0;0;;1;0;1;1;1;1;0;1;2;-15
12/12/2022;MIN;4;anderky01;Kyle Anderson;27:39;3;8;.375;1;1;1.000;2;2;1.000;0;1;1;5;2;0;1;3;9;-9
12/12/2022;MIN;5;Reserves;Reserves
12/12/2022;MIN;6;nowelja01;Jaylen Nowell;22:34;7;12;.583;0;2;.000;3;5;.600;0;3;3;2;1;0;2;1;17;-19
12/12/2022;MIN;7;reidna01;Naz Reid;18:16;4;4;1.000;1;1;1.000;1;2;.500;0;4;4;1;0;0;1;2;10;-12
12/12/2022;MIN;8;forbebr01;Bryn Forbes;14:59;1;4;.250;0;2;.000;0;0;;0;0;0;1;0;0;0;0;2;-5
12/12/2022;MIN;9;riverau01;Austin Rivers;13:30;1;4;.250;1;3;.333;0;0;;0;0;0;1;1;0;0;3;3;-13
12/12/2022;MIN;10;knighna01;Nathan Knight;4:03;2;2;1.000;0;0;;0;0;;0;0;0;0;0;0;1;0;4;+3
12/12/2022;MIN;11;moorewe01;Wendell Moore Jr.;4:03;2;3;.667;0;1;.000;0;0;;0;1;1;1;1;0;0;0;4;+3
12/12/2022;MIN;12;ryanma01;Matt Ryan;4:03;1;2;.500;1;2;.500;0;0;;0;0;0;0;1;0;0;0;3;+3
12/12/2022;MIN;13;garzalu01;Luka Garza;4:03;1;1;1.000;0;0;;0;0;;0;2;2;0;0;0;0;0;2;+3
12/12/2022;MIN;14;minotjo01;Josh Minott;4:03;0;1;.000;0;0;;0;0;;0;0;0;0;1;0;0;0;0;+3
12/12/2022;MIN;0;simonan01;Anfernee Simons;33:15;5;13;.385;2;8;.250;0;0;;0;4;4;6;0;0;2;3;12;+8
12/12/2022;MIN;1;grantje01;Jerami Grant;31:50;7;12;.583;3;6;.500;7;7;1.000;2;1;3;2;0;1;2;4;24;+22
12/12/2022;MIN;2;lillada01;Damian Lillard;29:22;13;21;.619;11;17;.647;1;1;1.000;0;2;2;3;0;0;4;1;38;+24
12/12/2022;MIN;3;hartjo01;Josh Hart;27:58;3;7;.429;2;3;.667;0;0;;1;6;7;2;1;0;1;2;8;+19
12/12/2022;MIN;4;nurkiju01;Jusuf Nurkić;25:10;4;8;.500;0;2;.000;6;9;.667;2;14;16;4;1;0;2;4;14;+11
12/12/2022;MIN;5;Reserves;Reserves
12/12/2022;MIN;6;winslju01;Justise Winslow;30:14;4;8;.500;1;3;.333;0;0;;2;4;6;10;1;0;2;3;9;+17
12/12/2022;MIN;7;sharpsh01;Shaedon Sharpe;20:02;7;12;.583;0;4;.000;0;0;;2;5;7;1;1;0;0;0;14;+2
12/12/2022;MIN;8;eubandr01;Drew Eubanks;16:47;3;3;1.000;0;0;;0;0;;1;3;4;1;0;2;2;2;6;+15
12/12/2022;MIN;9;watfotr01;Trendon Watford;13:16;1;2;.500;1;1;1.000;2;4;.500;1;3;4;2;0;1;1;1;5;-3
12/12/2022;MIN;10;walkeja01;Jabari Walker;6:03;1;1;1.000;1;1;1.000;0;0;;0;0;0;0;0;0;0;1;3;-5
12/12/2022;MIN;11;johnske07;Keon Johnson;6:03;0;2;.000;0;1;.000;0;0;;0;1;1;1;0;0;2;0;0;-5
12/12/2022;MIN;12;paytoga02;Gary Payton II;Did Not Play
