dateId;teamId;order;playerId;Starters;MP;FG;FGA;FG%;3P;3PA;3P%;FT;FTA;FT%;ORB;DRB;TRB;AST;STL;BLK;TOV;PF;PTS;+/-
29/01/2023;LAC;0;coffeam01;Amir Coffey;37:52;5;13;.385;0;2;.000;8;9;.889;0;4;4;2;1;0;0;6;18;-21
29/01/2023;LAC;1;zubaciv01;Ivica Zubac;21:50;0;5;.000;0;0;;2;2;1.000;2;5;7;0;0;0;1;1;2;-29
29/01/2023;LAC;2;mannte01;Terance Mann;20:12;2;8;.250;0;2;.000;0;0;;1;1;2;2;0;0;1;1;4;-17
29/01/2023;LAC;3;powelno01;Norman Powell;16:19;4;10;.400;0;2;.000;3;4;.750;1;1;2;0;1;0;1;3;11;-16
29/01/2023;LAC;4;batumni01;Nicolas Batum;6:53;0;3;.000;0;3;.000;0;0;;1;2;3;0;0;0;0;0;0;-16
29/01/2023;LAC;5;Reserves;Reserves
29/01/2023;LAC;6;prestja01;Jason Preston;36:36;6;12;.500;0;3;.000;0;0;;1;2;3;8;1;0;4;2;12;-10
29/01/2023;LAC;7;bostobr01;Brandon Boston Jr.;34:27;9;19;.474;1;3;.333;5;6;.833;0;1;1;3;1;0;3;5;24;-10
29/01/2023;LAC;8;diabamo01;Moussa Diabaté;29:51;5;8;.625;1;2;.500;2;3;.667;4;1;5;1;1;0;1;0;13;+3
29/01/2023;LAC;9;brownmo01;Moses Brown;26:06;5;7;.714;0;0;;3;3;1.000;5;11;16;0;0;0;1;1;13;-2
29/01/2023;LAC;10;kennalu01;Luke Kennard;9:53;1;4;.250;0;2;.000;0;0;;0;2;2;1;1;0;1;0;2;+3
29/01/2023;LAC;11;jacksre01;Reggie Jackson;Did Not Play
29/01/2023;LAC;0;mobleev01;Evan Mobley;26:47;4;9;.444;1;1;1.000;0;0;;0;9;9;3;1;3;0;4;9;+36
29/01/2023;LAC;1;allenja01;Jarrett Allen;25:47;6;10;.600;1;1;1.000;2;3;.667;2;6;8;3;2;0;5;2;15;+27
29/01/2023;LAC;2;garlada01;Darius Garland;22:37;5;7;.714;2;3;.667;4;4;1.000;0;2;2;10;0;0;1;0;16;+27
29/01/2023;LAC;3;mitchdo01;Donovan Mitchell;20:26;5;9;.556;1;3;.333;0;0;;0;0;0;3;1;0;0;2;11;+36
29/01/2023;LAC;4;okorois01;Isaac Okoro;18:06;2;5;.400;1;4;.250;3;3;1.000;1;1;2;0;0;1;0;3;8;+14
29/01/2023;LAC;5;Reserves;Reserves
29/01/2023;LAC;6;leverca01;Caris LeVert;27:54;4;10;.400;4;6;.667;0;2;.000;1;1;2;3;1;0;1;3;12;-4
29/01/2023;LAC;7;wadede01;Dean Wade;27:00;2;5;.400;1;4;.250;3;5;.600;0;4;4;1;1;1;1;1;8;+14
29/01/2023;LAC;8;osmande01;Cedi Osman;21:58;11;13;.846;7;7;1.000;0;0;;0;2;2;2;2;1;0;0;29;-8
29/01/2023;LAC;9;rubiori01;Ricky Rubio;19:07;1;5;.200;1;3;.333;0;0;;0;3;3;4;1;0;0;1;3;-10
29/01/2023;LAC;10;stevela01;Lamar Stevens;12:00;2;3;.667;1;1;1.000;0;0;;0;0;0;1;0;0;0;2;5;-9
29/01/2023;LAC;11;lopezro01;Robin Lopez;10:11;1;1;1.000;0;0;;0;0;;0;2;2;2;0;1;2;5;2;-8
29/01/2023;LAC;12;netora01;Raul Neto;8:07;1;1;1.000;0;0;;2;2;1.000;0;1;1;3;0;0;0;0;4;0
