dateId;teamId;order;playerId;Starters;MP;FG;FGA;FG%;3P;3PA;3P%;FT;FTA;FT%;ORB;DRB;TRB;AST;STL;BLK;TOV;PF;PTS;+/-
09/04/2023;GSW;0;curryst01;Stephen Curry;22:27;9;15;.600;5;10;.500;3;3;1.000;0;5;5;7;0;0;1;0;26;+26
09/04/2023;GSW;1;thompkl01;Klay Thompson;21:40;7;14;.500;6;11;.545;0;0;;0;5;5;1;0;0;3;2;20;+24
09/04/2023;GSW;2;divindo01;Donte DiVincenzo;21:17;3;7;.429;2;5;.400;2;2;1.000;1;5;6;8;5;0;2;0;10;+21
09/04/2023;GSW;3;looneke01;Kevon Looney;21:10;2;4;.500;0;0;;0;0;;3;5;8;4;0;0;0;1;4;+26
09/04/2023;GSW;4;greendr01;Draymond Green;19:41;4;7;.571;1;2;.500;0;0;;0;3;3;4;2;2;3;0;9;+23
09/04/2023;GSW;5;Reserves;Reserves
09/04/2023;GSW;6;moodymo01;Moses Moody;29:07;10;14;.714;4;7;.571;1;1;1.000;0;4;4;4;0;0;0;4;25;+39
09/04/2023;GSW;7;kuminjo01;Jonathan Kuminga;24:00;6;9;.667;1;1;1.000;2;2;1.000;2;5;7;6;1;2;3;2;15;+35
09/04/2023;GSW;8;paytoga02;Gary Payton II;20:20;2;4;.500;0;0;;0;0;;2;6;8;4;4;0;0;3;4;+17
09/04/2023;GSW;9;poolejo01;Jordan Poole;17:16;7;9;.778;4;5;.800;3;4;.750;0;4;4;2;0;0;2;3;21;+31
09/04/2023;GSW;10;greenja01;JaMychal Green;11:58;1;2;.500;0;1;.000;0;0;;0;1;1;1;0;1;0;1;2;+10
09/04/2023;GSW;11;quinole01;Lester Quinones;10:41;2;2;1.000;2;2;1.000;3;4;.750;1;0;1;1;1;0;1;0;9;+11
09/04/2023;GSW;12;lamban01;Anthony Lamb;10:41;2;2;1.000;0;0;;0;0;;0;3;3;3;0;1;0;2;4;+11
09/04/2023;GSW;13;baldwpa01;Patrick Baldwin Jr.;9:42;3;7;.429;2;5;.400;0;0;;0;3;3;2;0;0;0;0;8;+6
09/04/2023;GSW;0;mayssk01;Skylar Mays;40:43;7;17;.412;2;7;.286;5;5;1.000;0;4;4;12;3;0;2;2;21;-44
09/04/2023;GSW;1;knoxke01;Kevin Knox;33:03;4;16;.250;2;9;.222;3;4;.750;0;0;0;1;1;0;0;2;13;-34
09/04/2023;GSW;2;willije02;Jeenathan Williams;31:01;7;12;.583;1;2;.500;2;2;1.000;3;1;4;3;0;0;1;1;17;-25
09/04/2023;GSW;3;sharpsh01;Shaedon Sharpe;28:16;7;18;.389;2;8;.250;2;2;1.000;1;6;7;4;1;0;5;0;18;-35
09/04/2023;GSW;4;watfotr01;Trendon Watford;19:38;4;8;.500;1;1;1.000;2;4;.500;0;4;4;4;0;1;3;1;11;-16
09/04/2023;GSW;5;Reserves;Reserves
09/04/2023;GSW;6;minayju01;Justin Minaya;23:47;1;8;.125;0;3;.000;0;1;.000;0;4;4;1;0;1;1;1;2;-31
09/04/2023;GSW;7;butlejo01;John Butler;22:01;1;5;.200;1;3;.333;0;0;;0;1;1;0;0;0;0;2;3;-37
09/04/2023;GSW;8;comanch01;Chance Comanche;20:47;3;5;.600;0;0;;1;4;.250;2;1;3;0;0;1;0;0;7;-29
09/04/2023;GSW;9;walkeja01;Jabari Walker;20:44;4;6;.667;0;2;.000;1;2;.500;0;3;3;0;0;0;2;0;9;-29
09/04/2023;GSW;10;eubandr01;Drew Eubanks;Did Not Dress
09/04/2023;GSW;11;reddica01;Cam Reddish;Did Not Dress
