dateId;teamId;order;playerId;Starters;MP;FG;FGA;FG%;3P;3PA;3P%;FT;FTA;FT%;ORB;DRB;TRB;AST;STL;BLK;TOV;PF;PTS;+/-
26/02/2023;WAS;0;kuzmaky01;Kyle Kuzma;38:17;4;18;.222;1;8;.125;1;2;.500;0;4;4;3;0;0;3;4;10;-22
26/02/2023;WAS;1;bealbr01;Bradley Beal;36:38;7;17;.412;1;3;.333;3;7;.429;1;6;7;8;0;0;3;0;18;0
26/02/2023;WAS;2;gaffoda01;Daniel Gafford;30:53;7;9;.778;0;0;;1;2;.500;5;6;11;1;2;1;2;4;15;-13
26/02/2023;WAS;3;wrighde01;Delon Wright;28:08;6;7;.857;2;3;.667;0;0;;2;2;4;0;0;0;1;0;14;-3
26/02/2023;WAS;4;avdijde01;Deni Avdija;27:06;2;5;.400;1;4;.250;3;4;.750;0;4;4;2;1;0;4;3;8;-16
26/02/2023;WAS;5;Reserves;Reserves
26/02/2023;WAS;6;kispeco01;Corey Kispert;24:26;3;9;.333;1;7;.143;0;0;;1;2;3;2;1;0;0;1;7;-6
26/02/2023;WAS;7;goodwjo01;Jordan Goodwin;19:28;0;2;.000;0;1;.000;0;0;;1;3;4;3;1;0;1;2;0;-14
26/02/2023;WAS;8;nunnke01;Kendrick Nunn;14:44;2;7;.286;0;2;.000;0;0;;0;1;1;1;0;0;1;0;4;-15
26/02/2023;WAS;9;gibsota01;Taj Gibson;12:28;1;2;.500;0;0;;1;2;.500;1;2;3;2;0;0;1;2;3;+1
26/02/2023;WAS;10;gillan01;Anthony Gill;7:52;0;0;;0;0;;3;6;.500;1;0;1;0;0;0;0;2;3;-12
26/02/2023;WAS;11;careyve01;Vernon Carey Jr.;Did Not Play
26/02/2023;WAS;0;derozde01;DeMar DeRozan;35:19;11;15;.733;0;0;;7;8;.875;0;2;2;6;2;0;1;1;29;+29
26/02/2023;WAS;1;lavinza01;Zach LaVine;33:04;11;18;.611;2;4;.500;3;3;1.000;0;1;1;4;0;1;3;2;27;+2
26/02/2023;WAS;2;vucevni01;Nikola Vučević;32:22;7;16;.438;0;6;.000;2;2;1.000;2;11;13;1;0;0;0;2;16;0
26/02/2023;WAS;3;beverpa01;Patrick Beverley;26:07;0;4;.000;0;3;.000;0;0;;2;3;5;1;0;1;1;4;0;+9
26/02/2023;WAS;4;carusal01;Alex Caruso;25:53;2;6;.333;2;6;.333;0;0;;1;3;4;3;2;0;0;3;6;+11
26/02/2023;WAS;5;Reserves;Reserves
26/02/2023;WAS;6;whiteco01;Coby White;25:52;6;8;.750;3;5;.600;2;2;1.000;0;4;4;3;1;0;2;1;17;+8
26/02/2023;WAS;7;willipa01;Patrick Williams;22:07;2;4;.500;1;2;.500;0;0;;2;2;4;1;0;1;0;1;5;+9
26/02/2023;WAS;8;dosunay01;Ayo Dosunmu;21:53;0;6;.000;0;4;.000;0;0;;0;0;0;1;2;0;1;3;0;+11
26/02/2023;WAS;9;drumman01;Andre Drummond;13:53;1;2;.500;0;0;;0;2;.000;1;4;5;0;0;0;0;1;2;+19
26/02/2023;WAS;10;jonesde02;Derrick Jones Jr.;1:45;0;0;;0;0;;0;0;;0;0;0;0;0;0;0;0;0;+1
26/02/2023;WAS;11;terryda01;Dalen Terry;1:45;0;0;;0;0;;0;0;;0;1;1;1;0;0;0;1;0;+1
