dateId;teamId;order;playerId;Starters;MP;FG;FGA;FG%;3P;3PA;3P%;FT;FTA;FT%;ORB;DRB;TRB;AST;STL;BLK;TOV;PF;PTS;+/-
13/03/2023;MIN;0;anderky01;Kyle Anderson;36:32;5;6;.833;1;2;.500;3;3;1.000;0;10;10;12;2;2;2;1;14;+33
13/03/2023;MIN;1;edwaran01;Anthony Edwards;35:48;12;25;.480;2;10;.200;6;10;.600;0;8;8;5;1;2;3;1;32;+23
13/03/2023;MIN;2;goberru01;Rudy Gobert;29:30;5;10;.500;0;0;;4;5;.800;2;6;8;4;1;3;0;2;14;+25
13/03/2023;MIN;3;conlemi01;Mike Conley;27:47;9;13;.692;3;5;.600;0;1;.000;0;1;1;6;1;0;1;4;21;+19
13/03/2023;MIN;4;mcdanja02;Jaden McDaniels;25:38;8;10;.800;1;1;1.000;2;2;1.000;0;1;1;0;1;2;0;4;19;+12
13/03/2023;MIN;5;Reserves;Reserves
13/03/2023;MIN;6;princta02;Taurean Prince;22:04;4;9;.444;1;2;.500;0;0;;0;1;1;2;1;0;1;1;9;+6
13/03/2023;MIN;7;garzalu01;Luka Garza;18:09;6;7;.857;1;2;.500;1;2;.500;2;1;3;2;1;0;2;5;14;-4
13/03/2023;MIN;8;mclaujo01;Jordan McLaughlin;18:04;1;3;.333;1;2;.500;0;0;;1;0;1;5;3;0;1;0;3;+4
13/03/2023;MIN;9;alexani01;Nickeil Alexander-Walker;17:02;2;6;.333;1;3;.333;0;0;;0;3;3;2;1;1;0;2;5;-4
13/03/2023;MIN;10;knighna01;Nathan Knight;5:29;0;0;;0;0;;0;0;;0;1;1;0;0;0;0;1;0;-5
13/03/2023;MIN;11;minotjo01;Josh Minott;2:09;2;3;.667;1;1;1.000;0;0;;0;0;0;0;0;0;0;1;5;-2
13/03/2023;MIN;12;moorewe01;Wendell Moore Jr.;1:48;0;0;;0;0;;0;0;;0;0;0;1;0;0;0;0;0;-2
13/03/2023;MIN;13;reidna01;Naz Reid;Did Not Dress
13/03/2023;MIN;0;huntede01;De'Andre Hunter;36:09;6;17;.353;1;5;.200;2;3;.667;0;2;2;2;0;1;0;3;15;-27
13/03/2023;MIN;1;youngtr01;Trae Young;33:54;15;25;.600;1;4;.250;10;10;1.000;3;3;6;7;1;0;4;1;41;-4
13/03/2023;MIN;2;murrade01;Dejounte Murray;32:41;5;15;.333;1;2;.500;0;2;.000;0;5;5;2;2;0;5;3;11;-29
13/03/2023;MIN;3;collijo01;John Collins;27:14;2;6;.333;0;2;.000;2;2;1.000;1;4;5;2;0;0;1;3;6;-21
13/03/2023;MIN;4;capelca01;Clint Capela;21:35;5;7;.714;0;0;;0;0;;5;5;10;0;1;2;0;0;10;-11
13/03/2023;MIN;5;Reserves;Reserves
13/03/2023;MIN;6;beysa01;Saddiq Bey;24:43;3;8;.375;0;2;.000;0;0;;0;5;5;0;1;0;0;4;6;-7
13/03/2023;MIN;7;okongon01;Onyeka Okongwu;24:37;6;7;.857;0;0;;4;4;1.000;9;5;14;0;1;1;3;1;16;-12
13/03/2023;MIN;8;bogdabo01;Bogdan Bogdanović;20:04;1;8;.125;0;4;.000;0;0;;0;1;1;2;0;0;1;1;2;-8
13/03/2023;MIN;9;johnsja05;Jalen Johnson;10:03;0;2;.000;0;1;.000;1;2;.500;0;2;2;1;0;0;1;3;1;+4
13/03/2023;MIN;10;griffaj01;AJ Griffin;1:48;1;1;1.000;1;1;1.000;2;2;1.000;0;1;1;0;0;0;0;0;5;+2
13/03/2023;MIN;11;mathega01;Garrison Mathews;1:48;0;1;.000;0;1;.000;2;3;.667;0;0;0;0;0;0;0;0;2;+2
13/03/2023;MIN;12;fernabr01;Bruno Fernando;1:48;0;0;;0;0;;0;0;;0;0;0;0;0;0;0;0;0;+2
13/03/2023;MIN;13;holidaa01;Aaron Holiday;1:48;0;0;;0;0;;0;0;;0;0;0;1;0;0;0;0;0;+2
13/03/2023;MIN;14;krejcvi01;Vit Krejci;1:48;0;0;;0;0;;0;0;;0;0;0;0;0;0;0;0;0;+2
13/03/2023;MIN;15;forretr01;Trent Forrest;Did Not Play
