dateId;teamId;order;playerId;Starters;MP;FG;FGA;FG%;3P;3PA;3P%;FT;FTA;FT%;ORB;DRB;TRB;AST;STL;BLK;TOV;PF;PTS;+/-
07/06/2023;DEN;0;murraja01;Jamal Murray;44:35;12;22;.545;3;6;.500;7;8;.875;3;7;10;10;1;0;7;2;34;+14
07/06/2023;DEN;1;jokicni01;Nikola Jokić;43:45;12;21;.571;1;2;.500;7;8;.875;3;18;21;10;0;2;3;5;32;+15
07/06/2023;DEN;2;gordoaa01;Aaron Gordon;33:48;5;10;.500;0;0;;1;4;.250;3;7;10;5;1;0;0;3;11;+16
07/06/2023;DEN;3;caldwke01;Kentavious Caldwell-Pope;28:06;1;4;.250;0;3;.000;4;4;1.000;0;3;3;0;0;0;1;2;6;+12
07/06/2023;DEN;4;portemi01;Michael Porter Jr.;21:19;1;7;.143;0;2;.000;0;0;;2;5;7;0;0;0;0;1;2;+11
07/06/2023;DEN;5;Reserves;Reserves
07/06/2023;DEN;6;brownbr01;Bruce Brown;28:37;1;5;.200;1;3;.333;2;2;1.000;0;2;2;0;0;3;1;3;5;+8
07/06/2023;DEN;7;braunch01;Christian Braun;19:02;7;8;.875;0;1;.000;1;1;1.000;2;2;4;1;1;0;1;1;15;+2
07/06/2023;DEN;8;greenje02;Jeff Green;17:29;2;2;1.000;0;0;;0;0;;0;0;0;1;0;0;0;1;4;-1
07/06/2023;DEN;9;jacksre01;Reggie Jackson;1:23;0;1;.000;0;1;.000;0;0;;0;1;1;1;0;0;0;0;0;-2
07/06/2023;DEN;10;bryanth01;Thomas Bryant;0:29;0;0;;0;0;;0;0;;0;0;0;0;0;0;0;0;0;0
07/06/2023;DEN;11;cancavl01;Vlatko Čančar;0:29;0;0;;0;0;;0;0;;0;0;0;0;0;0;0;0;0;0
07/06/2023;DEN;12;nnajize01;Zeke Nnaji;0:29;0;0;;0;0;;0;0;;0;0;0;0;0;0;0;0;0;0
07/06/2023;DEN;13;watsope01;Peyton Watson;0:29;0;0;;0;0;;0;0;;0;0;0;0;0;0;0;0;0;0
07/06/2023;DEN;14;jordade01;DeAndre Jordan;Did Not Play
07/06/2023;DEN;15;smithis01;Ish Smith;Did Not Play
07/06/2023;DEN;0;adebaba01;Bam Adebayo;40:52;7;21;.333;0;0;;8;10;.800;6;11;17;3;0;1;0;2;22;-20
07/06/2023;DEN;1;butleji01;Jimmy Butler;40:21;11;24;.458;1;4;.250;5;6;.833;1;1;2;4;0;1;2;2;28;-11
07/06/2023;DEN;2;vincega01;Gabe Vincent;32:04;2;10;.200;1;6;.167;2;3;.667;0;0;0;0;2;0;0;3;7;-16
07/06/2023;DEN;3;strusma01;Max Strus;24:12;1;7;.143;1;4;.250;0;0;;2;2;4;5;1;1;0;1;3;-11
07/06/2023;DEN;4;loveke01;Kevin Love;16:00;2;5;.400;2;5;.400;0;0;;0;2;2;0;0;0;0;2;6;-10
07/06/2023;DEN;5;Reserves;Reserves
07/06/2023;DEN;6;martica02;Caleb Martin;31:31;4;9;.444;2;5;.400;0;0;;0;3;3;3;2;0;1;4;10;-5
07/06/2023;DEN;7;lowryky01;Kyle Lowry;29:30;4;8;.500;1;4;.250;0;0;;0;3;3;5;2;0;1;4;9;-4
07/06/2023;DEN;8;robindu01;Duncan Robinson;13:56;3;6;.500;3;6;.500;0;0;;0;1;1;0;0;0;0;2;9;-4
07/06/2023;DEN;9;zelleco01;Cody Zeller;5:58;0;0;;0;0;;0;0;;0;0;0;0;0;0;0;1;0;+4
07/06/2023;DEN;10;highsha01;Haywood Highsmith;2:27;0;0;;0;0;;0;0;;0;0;0;0;0;0;0;1;0;0
07/06/2023;DEN;11;jovicni01;Nikola Jović;1:30;0;0;;0;0;;0;0;;0;0;0;0;0;0;0;0;0;+1
07/06/2023;DEN;12;yurtsom01;Omer Yurtseven;1:10;0;1;.000;0;1;.000;0;0;;1;0;1;0;0;0;0;0;0;+1
07/06/2023;DEN;13;hasleud01;Udonis Haslem;0:29;0;1;.000;0;0;;0;0;;0;0;0;0;0;0;0;0;0;0
