dateId;teamId;order;playerId;Starters;MP;FG;FGA;FG%;3P;3PA;3P%;FT;FTA;FT%;ORB;DRB;TRB;AST;STL;BLK;TOV;PF;PTS;+/-
07/02/2023;MIN;0;edwaran01;Anthony Edwards;20:39;7;11;.636;1;3;.333;4;5;.800;0;3;3;3;0;1;1;3;19;-12
07/02/2023;MIN;1;mcdanja02;Jaden McDaniels;20:10;2;6;.333;0;4;.000;0;0;;1;1;2;2;1;1;3;1;4;-29
07/02/2023;MIN;2;russeda01;D'Angelo Russell;19:49;4;7;.571;2;4;.500;0;0;;1;1;2;3;1;0;1;0;10;-27
07/02/2023;MIN;3;goberru01;Rudy Gobert;18:49;0;2;.000;0;0;;0;0;;1;4;5;0;0;1;1;2;0;-10
07/02/2023;MIN;4;reidna01;Naz Reid;12:08;5;9;.556;1;3;.333;0;0;;0;3;3;0;0;0;2;2;11;-7
07/02/2023;MIN;5;Reserves;Reserves
07/02/2023;MIN;6;ryanma01;Matt Ryan;22:25;4;8;.500;3;7;.429;0;0;;0;2;2;4;0;0;1;1;11;-4
07/02/2023;MIN;7;garzalu01;Luka Garza;21:15;6;12;.500;0;3;.000;7;8;.875;4;5;9;2;0;0;2;2;19;-16
07/02/2023;MIN;8;princta02;Taurean Prince;19:07;1;5;.200;0;3;.000;3;3;1.000;0;0;0;1;2;0;1;2;5;-33
07/02/2023;MIN;9;knighna01;Nathan Knight;18:46;3;5;.600;1;2;.500;2;4;.500;0;1;1;3;0;1;1;1;9;-12
07/02/2023;MIN;10;moorewe01;Wendell Moore Jr.;17:48;1;4;.250;0;2;.000;0;0;;0;2;2;5;0;1;1;1;2;+2
07/02/2023;MIN;11;minotjo01;Josh Minott;17:04;4;7;.571;1;1;1.000;2;2;1.000;1;4;5;0;1;2;0;1;11;+3
07/02/2023;MIN;12;forbebr01;Bryn Forbes;12:41;2;4;.500;1;2;.500;2;2;1.000;0;0;0;0;0;0;1;0;7;-3
07/02/2023;MIN;13;nowelja01;Jaylen Nowell;11:38;1;4;.250;0;1;.000;2;2;1.000;0;2;2;1;0;0;2;0;4;-15
07/02/2023;MIN;14;mclaujo01;Jordan McLaughlin;7:41;0;1;.000;0;0;;0;0;;0;0;0;0;1;0;0;0;0;-7
07/02/2023;MIN;15;riverau01;Austin Rivers;Player Suspended
07/02/2023;MIN;0;portemi01;Michael Porter Jr.;28:41;11;15;.733;4;6;.667;4;4;1.000;1;4;5;1;1;0;1;1;30;+43
07/02/2023;MIN;1;jokicni01;Nikola Jokić;27:45;8;10;.800;0;1;.000;4;5;.800;1;11;12;16;1;1;1;1;20;+40
07/02/2023;MIN;2;gordoaa01;Aaron Gordon;25:56;8;11;.727;2;3;.667;6;8;.750;0;3;3;8;4;2;3;1;24;+32
07/02/2023;MIN;3;caldwke01;Kentavious Caldwell-Pope;24:09;4;8;.500;1;3;.333;2;2;1.000;0;2;2;1;2;0;0;0;11;+24
07/02/2023;MIN;4;brownbr01;Bruce Brown;21:44;4;6;.667;1;1;1.000;0;0;;0;0;0;2;0;0;0;3;9;+10
07/02/2023;MIN;5;Reserves;Reserves
07/02/2023;MIN;6;smithis01;Ish Smith;29:19;4;6;.667;0;0;;0;0;;1;3;4;7;0;0;4;5;8;+17
07/02/2023;MIN;7;cancavl01;Vlatko Čančar;22:04;5;8;.625;2;5;.400;0;0;;0;6;6;3;0;1;0;2;12;+2
07/02/2023;MIN;8;braunch01;Christian Braun;18:26;4;5;.800;0;1;.000;0;0;;0;3;3;2;2;0;0;2;8;+13
07/02/2023;MIN;9;reedda01;Davon Reed;13:52;2;6;.333;1;2;.500;0;0;;1;3;4;2;2;0;0;2;5;-2
07/02/2023;MIN;10;greenje02;Jeff Green;13:37;3;10;.300;1;2;.500;0;0;;1;2;3;2;0;0;1;2;7;-5
07/02/2023;MIN;11;watsope01;Peyton Watson;7:49;3;4;.750;1;1;1.000;0;2;.000;1;1;2;0;0;1;0;1;7;-3
07/02/2023;MIN;12;whiteja03;Jack White;6:38;2;4;.500;0;2;.000;1;1;1.000;0;0;0;0;0;0;0;1;5;-1
07/02/2023;MIN;13;hylanbo01;Bones Hyland;Did Not Play
07/02/2023;MIN;14;jordade01;DeAndre Jordan;Did Not Play
