dateId;teamId;order;playerId;Starters;MP;FG;FGA;FG%;3P;3PA;3P%;FT;FTA;FT%;ORB;DRB;TRB;AST;STL;BLK;TOV;PF;PTS;+/-
27/03/2023;CHI;0;derozde01;DeMar DeRozan;33:09;8;16;.500;2;5;.400;3;3;1.000;0;5;5;7;2;0;2;0;21;-9
27/03/2023;CHI;1;lavinza01;Zach LaVine;32:18;8;14;.571;0;2;.000;7;9;.778;1;4;5;3;0;0;4;1;23;-14
27/03/2023;CHI;2;vucevni01;Nikola Vučević;30:23;9;13;.692;2;3;.667;0;0;;1;7;8;5;0;0;3;3;20;-17
27/03/2023;CHI;3;beverpa01;Patrick Beverley;29:55;3;6;.500;3;5;.600;0;0;;0;0;0;2;2;1;1;2;9;-9
27/03/2023;CHI;4;willipa01;Patrick Williams;29:35;7;8;.875;2;2;1.000;0;0;;0;2;2;1;1;1;1;2;16;-4
27/03/2023;CHI;5;Reserves;Reserves
27/03/2023;CHI;6;whiteco01;Coby White;28:17;3;8;.375;0;3;.000;1;1;1.000;0;1;1;5;0;0;1;2;7;-9
27/03/2023;CHI;7;jonesde02;Derrick Jones Jr.;19:44;1;4;.250;0;2;.000;1;2;.500;2;1;3;1;1;0;1;0;3;-3
27/03/2023;CHI;8;dosunay01;Ayo Dosunmu;18:05;0;5;.000;0;1;.000;0;0;;0;0;0;1;2;0;0;0;0;-3
27/03/2023;CHI;9;drumman01;Andre Drummond;14:07;4;6;.667;0;0;;3;6;.500;3;5;8;0;1;1;1;0;11;-1
27/03/2023;CHI;10;terryda01;Dalen Terry;4:27;1;2;.500;0;0;;0;0;;1;1;2;1;0;0;0;1;2;+9
27/03/2023;CHI;11;greenja02;Javonte Green;Did Not Play
27/03/2023;CHI;0;leonaka01;Kawhi Leonard;33:16;8;13;.615;3;5;.600;3;3;1.000;1;6;7;6;1;1;1;3;22;+19
27/03/2023;CHI;1;westbru01;Russell Westbrook;32:44;6;11;.545;0;3;.000;0;3;.000;1;4;5;10;3;0;3;0;12;+16
27/03/2023;CHI;2;batumni01;Nicolas Batum;31:18;8;10;.800;8;10;.800;0;0;;0;3;3;5;2;0;1;2;24;+22
27/03/2023;CHI;3;gordoer01;Eric Gordon;28:08;7;12;.583;5;9;.556;3;3;1.000;0;0;0;3;0;0;0;3;22;+11
27/03/2023;CHI;4;zubaciv01;Ivica Zubac;24:27;5;6;.833;0;0;;1;5;.200;1;6;7;1;0;0;2;3;11;+16
27/03/2023;CHI;5;Reserves;Reserves
27/03/2023;CHI;6;mannte01;Terance Mann;25:33;3;7;.429;2;5;.400;0;0;;1;4;5;4;0;0;2;2;8;-2
27/03/2023;CHI;7;hylanbo01;Bones Hyland;23:46;5;11;.455;2;7;.286;1;2;.500;0;2;2;8;3;0;1;2;13;+2
27/03/2023;CHI;8;plumlma01;Mason Plumlee;19:01;5;7;.714;0;0;;0;0;;2;3;5;2;0;1;3;1;10;+7
27/03/2023;CHI;9;covinro01;Robert Covington;11:06;0;2;.000;0;1;.000;0;0;;0;2;2;1;0;0;1;1;0;-9
27/03/2023;CHI;10;diabamo01;Moussa Diabaté;4:27;1;2;.500;0;0;;0;0;;0;0;0;1;1;1;0;0;2;-9
27/03/2023;CHI;11;coffeam01;Amir Coffey;4:27;0;0;;0;0;;0;0;;0;0;0;0;0;1;1;0;0;-9
27/03/2023;CHI;12;moonxa01;Xavier Moon;1:47;0;0;;0;0;;0;0;;0;1;1;0;0;0;0;0;0;-4
