dateId;teamId;order;playerId;Starters;MP;FG;FGA;FG%;3P;3PA;3P%;FT;FTA;FT%;ORB;DRB;TRB;AST;STL;BLK;TOV;PF;PTS;+/-
27/12/2022;LAL;0;jamesle01;LeBron James;31:10;12;24;.500;0;7;.000;4;5;.800;2;5;7;5;1;1;4;1;28;+8
27/12/2022;LAL;1;bryanth01;Thomas Bryant;30:58;8;10;.800;1;1;1.000;4;6;.667;4;6;10;1;1;0;0;2;21;+6
27/12/2022;LAL;2;beverpa01;Patrick Beverley;29:41;5;11;.455;4;10;.400;0;0;;0;2;2;2;0;1;0;3;14;+3
27/12/2022;LAL;3;schrode01;Dennis Schröder;28:14;2;3;.667;1;1;1.000;2;2;1.000;1;1;2;2;1;0;3;2;7;+9
27/12/2022;LAL;4;walkelo01;Lonnie Walker IV;24:57;3;10;.300;2;7;.286;2;2;1.000;0;1;1;2;0;0;0;1;10;+2
27/12/2022;LAL;5;Reserves;Reserves
27/12/2022;LAL;6;westbru01;Russell Westbrook;29:21;6;11;.545;1;3;.333;2;2;1.000;0;13;13;13;0;0;4;3;15;+18
27/12/2022;LAL;7;reaveau01;Austin Reaves;26:26;3;7;.429;2;6;.333;0;0;;0;3;3;5;1;0;2;0;8;+12
27/12/2022;LAL;8;browntr01;Troy Brown Jr.;17:26;6;7;.857;3;4;.750;0;0;;1;0;1;1;0;0;0;1;15;+15
27/12/2022;LAL;9;gabriwe01;Wenyen Gabriel;15:11;2;5;.400;1;2;.500;0;0;;1;5;6;1;0;0;0;3;5;+11
27/12/2022;LAL;10;chrisma02;Max Christie;4:58;0;0;;0;0;;0;0;;0;0;0;0;0;0;0;0;0;+7
27/12/2022;LAL;11;nunnke01;Kendrick Nunn;1:38;2;2;1.000;2;2;1.000;0;0;;0;1;1;0;0;0;0;0;6;+4
27/12/2022;LAL;12;jonesda03;Damian Jones;Did Not Play
27/12/2022;LAL;0;wagnefr01;Franz Wagner;30:36;4;8;.500;2;4;.500;5;5;1.000;0;2;2;4;1;0;2;1;15;-10
27/12/2022;LAL;1;fultzma01;Markelle Fultz;27:34;7;13;.538;1;4;.250;1;2;.500;1;2;3;3;2;2;2;1;16;-3
27/12/2022;LAL;2;banchpa01;Paolo Banchero;22:21;1;6;.167;0;2;.000;2;4;.500;1;4;5;3;1;0;2;5;4;-12
27/12/2022;LAL;3;bolbo01;Bol Bol;21:59;4;7;.571;1;1;1.000;1;4;.250;1;4;5;0;0;1;0;0;10;-3
27/12/2022;LAL;4;wagnemo01;Moritz Wagner;21:49;5;8;.625;1;3;.333;1;2;.500;2;2;4;4;2;0;2;4;12;-7
27/12/2022;LAL;5;Reserves;Reserves
27/12/2022;LAL;6;anthoco01;Cole Anthony;25:52;4;13;.308;0;3;.000;0;0;;1;1;2;4;1;0;2;4;8;-13
27/12/2022;LAL;7;rosste01;Terrence Ross;21:27;6;10;.600;0;2;.000;1;2;.500;1;1;2;1;0;0;0;0;13;-14
27/12/2022;LAL;8;bambamo01;Mo Bamba;19:53;2;5;.400;1;4;.250;0;0;;0;5;5;1;0;2;0;0;5;-9
27/12/2022;LAL;9;cartewe01;Wendell Carter Jr.;19:27;6;8;.750;2;2;1.000;1;2;.500;1;2;3;4;0;0;1;2;15;-10
27/12/2022;LAL;10;harriga01;Gary Harris;17:48;2;4;.500;1;2;.500;4;4;1.000;0;4;4;0;1;0;0;0;9;-9
27/12/2022;LAL;11;houstca01;Caleb Houstan;8:48;1;1;1.000;1;1;1.000;0;0;;0;1;1;0;0;0;0;0;3;-4
27/12/2022;LAL;12;hamptrj01;R.J. Hampton;2:26;0;1;.000;0;0;;0;0;;0;1;1;1;0;0;0;0;0;-1
