dateId;teamId;order;playerId;Starters;MP;FG;FGA;FG%;3P;3PA;3P%;FT;FTA;FT%;ORB;DRB;TRB;AST;STL;BLK;TOV;PF;PTS;+/-
28/12/2022;PHO;0;bridgmi01;Mikal Bridges;40:23;6;15;.400;3;6;.500;2;2;1.000;1;3;4;5;2;1;0;1;17;-6
28/12/2022;PHO;1;aytonde01;Deandre Ayton;36:12;14;22;.636;1;1;1.000;2;2;1.000;6;1;7;3;2;0;2;3;31;-5
28/12/2022;PHO;2;paulch01;Chris Paul;31:38;8;15;.533;3;6;.500;1;2;.500;0;2;2;6;2;2;4;3;20;-14
28/12/2022;PHO;3;craigto01;Torrey Craig;29:19;2;6;.333;1;3;.333;0;0;;2;3;5;0;0;0;2;2;5;-14
28/12/2022;PHO;4;landajo01;Jock Landale;15:43;1;2;.500;1;2;.500;2;2;1.000;0;2;2;2;0;0;1;3;5;-18
28/12/2022;PHO;5;Reserves;Reserves
28/12/2022;PHO;6;leeda03;Damion Lee;25:25;2;6;.333;1;3;.333;3;4;.750;0;2;2;4;0;0;1;3;8;-10
28/12/2022;PHO;7;okogijo01;Josh Okogie;20:40;1;4;.250;1;3;.333;0;0;;0;4;4;2;0;1;1;1;3;-19
28/12/2022;PHO;8;washidu02;Duane Washington Jr.;17:01;4;12;.333;1;4;.250;1;2;.500;1;1;2;2;1;0;0;1;10;-11
28/12/2022;PHO;9;wainris01;Ish Wainright;12:48;1;3;.333;1;3;.333;0;0;;0;0;0;1;0;0;0;3;3;-14
28/12/2022;PHO;10;biyombi01;Bismack Biyombo;8:06;0;1;.000;0;0;;0;2;.000;1;1;2;0;0;0;0;1;0;-8
28/12/2022;PHO;11;saricda01;Dario Šarić;2:45;0;1;.000;0;0;;0;0;;0;0;0;0;0;0;0;0;0;-6
28/12/2022;PHO;0;kuzmaky01;Kyle Kuzma;35:40;8;17;.471;2;4;.500;4;4;1.000;0;5;5;7;1;0;1;2;22;+34
28/12/2022;PHO;1;porzikr01;Kristaps Porziņģis;33:37;8;15;.533;2;6;.333;4;4;1.000;1;5;6;2;1;1;3;2;22;+23
28/12/2022;PHO;2;morrimo01;Monte Morris;30:33;4;8;.500;1;2;.500;3;3;1.000;1;5;6;8;0;0;0;2;12;+10
28/12/2022;PHO;3;kispeco01;Corey Kispert;27:30;2;6;.333;1;5;.200;2;3;.667;0;1;1;1;1;0;1;0;7;0
28/12/2022;PHO;4;gaffoda01;Daniel Gafford;24:42;6;7;.857;0;0;;2;2;1.000;4;4;8;1;0;3;1;3;14;+7
28/12/2022;PHO;5;Reserves;Reserves
28/12/2022;PHO;6;hachiru01;Rui Hachimura;27:42;11;13;.846;1;2;.500;7;8;.875;3;2;5;1;0;1;0;0;30;+19
28/12/2022;PHO;7;avdijde01;Deni Avdija;27:11;3;5;.600;1;3;.333;1;2;.500;1;6;7;2;0;0;3;2;8;+16
28/12/2022;PHO;8;wrighde01;Delon Wright;15:29;1;3;.333;0;2;.000;1;1;1.000;0;1;1;3;3;0;2;1;3;+14
28/12/2022;PHO;9;gibsota01;Taj Gibson;9:44;3;5;.600;0;1;.000;1;1;1.000;1;1;2;1;1;1;1;1;7;-2
28/12/2022;PHO;10;davisjo06;Johnny Davis;1:58;1;2;.500;0;1;.000;0;0;;0;2;2;0;0;0;0;0;2;+1
28/12/2022;PHO;11;careyve01;Vernon Carey Jr.;1:58;0;0;;0;0;;0;0;;0;2;2;1;0;0;0;0;0;+1
28/12/2022;PHO;12;gillan01;Anthony Gill;1:58;0;0;;0;0;;0;0;;0;0;0;0;0;0;0;0;0;+1
28/12/2022;PHO;13;goodwjo01;Jordan Goodwin;1:58;0;1;.000;0;0;;0;0;;1;0;1;0;0;0;0;2;0;+1
28/12/2022;PHO;14;bartowi01;Will Barton;Did Not Play
