dateId;teamId;order;playerId;Starters;MP;FG;FGA;FG%;3P;3PA;3P%;FT;FTA;FT%;ORB;DRB;TRB;AST;STL;BLK;TOV;PF;PTS;+/-
16/12/2022;GSW;0;poolejo01;Jordan Poole;36:51;10;20;.500;4;9;.444;5;6;.833;0;1;1;4;1;0;4;2;29;-9
16/12/2022;GSW;1;thompkl01;Klay Thompson;35:00;4;17;.235;3;8;.375;1;1;1.000;0;3;3;0;3;1;4;3;12;-9
16/12/2022;GSW;2;divindo01;Donte DiVincenzo;34:37;6;13;.462;5;8;.625;0;0;;3;7;10;6;1;0;1;3;17;-4
16/12/2022;GSW;3;kuminjo01;Jonathan Kuminga;28:43;3;8;.375;1;4;.250;0;0;;0;0;0;3;0;0;1;2;7;-8
16/12/2022;GSW;4;looneke01;Kevon Looney;26:14;6;8;.750;0;0;;2;2;1.000;3;8;11;9;2;2;0;3;14;-4
16/12/2022;GSW;5;Reserves;Reserves
16/12/2022;GSW;6;lamban01;Anthony Lamb;19:44;2;6;.333;2;6;.333;0;0;;1;2;3;1;0;2;1;3;6;-6
16/12/2022;GSW;7;jeromty01;Ty Jerome;18:38;4;10;.400;1;2;.500;0;0;;0;4;4;4;1;0;0;1;9;-6
16/12/2022;GSW;8;moodymo01;Moses Moody;15:47;1;4;.250;1;4;.250;0;0;;1;1;2;2;0;0;0;0;3;-6
16/12/2022;GSW;9;wisemja01;James Wiseman;11:13;3;5;.600;0;0;;0;0;;1;3;4;0;0;0;2;3;6;-7
16/12/2022;GSW;10;greenja01;JaMychal Green;10:33;0;2;.000;0;2;.000;1;2;.500;3;5;8;2;0;0;3;1;1;-1
16/12/2022;GSW;11;rolliry01;Ryan Rollins;1:20;0;1;.000;0;0;;2;2;1.000;1;1;2;0;0;1;1;0;2;0
16/12/2022;GSW;12;baldwpa01;Patrick Baldwin Jr.;1:20;0;0;;0;0;;0;0;;0;0;0;0;0;0;0;0;0;0
16/12/2022;GSW;0;meltode01;De'Anthony Melton;38:11;7;14;.500;3;8;.375;0;0;;2;7;9;7;2;0;1;2;17;+9
16/12/2022;GSW;1;hardeja01;James Harden;36:30;8;15;.533;4;8;.500;7;9;.778;1;4;5;9;0;0;4;4;27;+8
16/12/2022;GSW;2;embiijo01;Joel Embiid;35:57;11;23;.478;2;3;.667;10;12;.833;3;10;13;4;4;2;6;0;34;+7
16/12/2022;GSW;3;tuckepj01;P.J. Tucker;26:35;3;5;.600;1;3;.333;0;0;;2;4;6;0;0;0;1;2;7;+4
16/12/2022;GSW;4;thybuma01;Matisse Thybulle;21:10;1;3;.333;1;3;.333;0;0;;1;1;2;0;1;1;0;1;3;+5
16/12/2022;GSW;5;Reserves;Reserves
16/12/2022;GSW;6;miltosh01;Shake Milton;30:57;3;6;.500;1;2;.500;4;6;.667;0;6;6;3;2;1;1;2;11;+11
16/12/2022;GSW;7;niangge01;Georges Niang;23:01;3;12;.250;2;8;.250;3;3;1.000;0;2;2;0;2;0;2;0;11;+10
16/12/2022;GSW;8;houseda01;Danuel House Jr.;15:36;2;4;.500;1;3;.333;1;1;1.000;0;2;2;0;0;0;0;1;6;+1
16/12/2022;GSW;9;harremo01;Montrezl Harrell;11:04;0;1;.000;0;0;;0;0;;1;1;2;0;0;1;0;0;0;+5
16/12/2022;GSW;10;reedpa01;Paul Reed;0:59;1;2;.500;0;0;;0;0;;1;1;2;0;0;0;0;1;2;0
16/12/2022;GSW;11;harrito02;Tobias Harris;Did Not Play
