dateId;teamId;order;playerId;Starters;MP;FG;FGA;FG%;3P;3PA;3P%;FT;FTA;FT%;ORB;DRB;TRB;AST;STL;BLK;TOV;PF;PTS;+/-
06/05/2023;NYK;0;hartjo01;Josh Hart;38:17;5;12;.417;2;6;.333;3;5;.600;1;11;12;2;1;0;2;2;15;-6
06/05/2023;NYK;1;randlju01;Julius Randle;38:01;4;15;.267;0;5;.000;2;5;.400;4;10;14;2;0;0;4;4;10;-6
06/05/2023;NYK;2;brunsja01;Jalen Brunson;37:33;7;20;.350;0;5;.000;6;6;1.000;1;5;6;8;0;0;0;3;20;-6
06/05/2023;NYK;3;barrerj01;RJ Barrett;25:29;5;16;.313;2;7;.286;2;3;.667;0;3;3;1;0;0;1;3;14;-32
06/05/2023;NYK;4;robinmi01;Mitchell Robinson;14:13;1;2;.500;0;0;;0;0;;4;1;5;0;0;0;1;4;2;-4
06/05/2023;NYK;5;Reserves;Reserves
06/05/2023;NYK;6;harteis01;Isaiah Hartenstein;25:58;0;0;;0;0;;0;0;;1;2;3;1;0;2;0;2;0;-18
06/05/2023;NYK;7;grimequ01;Quentin Grimes;21:38;3;7;.429;1;4;.250;1;1;1.000;1;0;1;0;1;0;1;2;8;-5
06/05/2023;NYK;8;quickim01;Immanuel Quickley;20:09;4;12;.333;2;8;.250;2;2;1.000;1;0;1;0;1;0;1;0;12;-8
06/05/2023;NYK;9;toppiob01;Obi Toppin;16:54;2;6;.333;1;4;.250;0;0;;1;2;3;1;1;1;3;2;5;-10
06/05/2023;NYK;10;jeffrda01;DaQuan Jeffries;0:54;0;0;;0;0;;0;0;;0;0;0;0;0;0;0;0;0;0
06/05/2023;NYK;11;mcbrimi01;Miles McBride;0:54;0;1;.000;0;1;.000;0;0;;0;0;0;0;0;0;0;0;0;0
06/05/2023;NYK;12;fournev01;Evan Fournier;Did Not Play
06/05/2023;NYK;13;rosede01;Derrick Rose;Did Not Play
06/05/2023;NYK;0;adebaba01;Bam Adebayo;35:57;7;14;.500;0;0;;3;4;.750;4;8;12;0;0;1;1;4;17;+11
06/05/2023;NYK;1;butleji01;Jimmy Butler;35:36;9;21;.429;0;2;.000;10;11;.909;2;2;4;3;0;2;2;1;28;+9
06/05/2023;NYK;2;vincega01;Gabe Vincent;30:03;1;8;.125;0;4;.000;3;3;1.000;0;0;0;4;2;0;2;4;5;+14
06/05/2023;NYK;3;strusma01;Max Strus;29:36;7;14;.500;3;10;.300;2;2;1.000;0;3;3;0;1;1;0;2;19;+10
06/05/2023;NYK;4;loveke01;Kevin Love;23:03;1;5;.200;0;3;.000;2;2;1.000;2;7;9;4;0;0;2;3;4;+12
06/05/2023;NYK;5;Reserves;Reserves
06/05/2023;NYK;6;lowryky01;Kyle Lowry;24:48;4;9;.444;2;4;.500;4;4;1.000;0;3;3;4;0;1;0;0;14;+8
06/05/2023;NYK;7;martica02;Caleb Martin;22:32;0;3;.000;0;3;.000;3;4;.750;2;3;5;0;0;0;2;4;3;+13
06/05/2023;NYK;8;robindu01;Duncan Robinson;12:40;1;6;.167;1;5;.200;1;1;1.000;0;1;1;1;0;0;1;1;4;+7
06/05/2023;NYK;9;zelleco01;Cody Zeller;12:09;3;6;.500;0;0;;0;0;;0;6;6;1;0;0;2;4;6;+6
06/05/2023;NYK;10;highsha01;Haywood Highsmith;11:48;2;4;.500;1;1;1.000;0;0;;3;3;6;0;0;0;0;2;5;+5
06/05/2023;NYK;11;jovicni01;Nikola Jović;0:54;0;0;;0;0;;0;0;;0;0;0;0;0;0;0;0;0;0
06/05/2023;NYK;12;yurtsom01;Omer Yurtseven;0:54;0;0;;0;0;;0;0;;0;1;1;0;0;0;1;0;0;0
