dateId;teamId;order;playerId;Starters;MP;FG;FGA;FG%;3P;3PA;3P%;FT;FTA;FT%;ORB;DRB;TRB;AST;STL;BLK;TOV;PF;PTS;+/-
14/11/2022;LAC;0;georgpa01;Paul George;29:05;7;18;.389;2;7;.286;6;8;.750;1;7;8;5;2;0;1;2;22;+8
14/11/2022;LAC;1;kennalu01;Luke Kennard;27:34;3;6;.500;2;4;.500;0;0;;0;1;1;1;1;0;2;1;8;+7
14/11/2022;LAC;2;zubaciv01;Ivica Zubac;26:26;3;5;.600;0;0;;3;3;1.000;3;4;7;1;0;1;2;2;9;+8
14/11/2022;LAC;3;morrima03;Marcus Morris;24:57;6;9;.667;3;4;.750;0;0;;0;5;5;2;0;0;1;3;15;+10
14/11/2022;LAC;4;jacksre01;Reggie Jackson;22:48;7;11;.636;3;7;.429;0;0;;0;2;2;6;0;0;3;4;17;+7
14/11/2022;LAC;5;Reserves;Reserves
14/11/2022;LAC;6;mannte01;Terance Mann;24:10;4;7;.571;0;2;.000;6;7;.857;0;4;4;4;0;0;1;2;14;+6
14/11/2022;LAC;7;powelno01;Norman Powell;23:02;4;10;.400;1;6;.167;8;9;.889;0;3;3;3;2;0;3;2;17;+13
14/11/2022;LAC;8;batumni01;Nicolas Batum;19:23;4;7;.571;2;5;.400;0;2;.000;1;5;6;0;1;1;1;3;10;+10
14/11/2022;LAC;9;coffeam01;Amir Coffey;18:55;0;2;.000;0;0;;0;0;;1;0;1;2;0;0;1;1;0;+8
14/11/2022;LAC;10;covinro01;Robert Covington;18:34;1;4;.250;1;3;.333;1;2;.500;1;3;4;1;0;1;1;3;4;+6
14/11/2022;LAC;11;brownmo01;Moses Brown;5:05;2;2;1.000;0;0;;2;2;1.000;2;1;3;0;0;1;0;0;6;-3
14/11/2022;LAC;12;walljo01;John Wall;Did Not Dress
14/11/2022;LAC;0;greenja05;Jalen Green;35:22;10;19;.526;3;8;.375;2;2;1.000;0;6;6;7;1;0;3;0;25;-16
14/11/2022;LAC;1;porteke02;Kevin Porter Jr.;31:37;6;18;.333;0;4;.000;8;15;.533;2;5;7;3;3;0;2;4;20;-10
14/11/2022;LAC;2;sengual01;Alperen Şengün;29:30;6;11;.545;0;2;.000;4;6;.667;1;3;4;1;0;0;4;5;16;-11
14/11/2022;LAC;3;smithja05;Jabari Smith Jr.;28:31;2;6;.333;2;4;.500;1;2;.500;1;5;6;1;3;0;0;3;7;-14
14/11/2022;LAC;4;gordoer01;Eric Gordon;25:31;1;4;.250;0;1;.000;2;2;1.000;0;1;1;0;0;0;1;1;4;-8
14/11/2022;LAC;5;Reserves;Reserves
14/11/2022;LAC;6;martike04;Kenyon Martin Jr.;20:36;4;7;.571;0;2;.000;0;0;;1;4;5;1;0;0;1;0;8;-8
14/11/2022;LAC;7;garubus01;Usman Garuba;17:19;2;3;.667;0;0;;1;2;.500;2;2;4;2;1;3;0;3;5;-6
14/11/2022;LAC;8;nixda01;Daishen Nix;15:05;1;3;.333;1;3;.333;0;0;;0;2;2;3;0;0;1;0;3;-13
14/11/2022;LAC;9;easonta01;Tari Eason;14:44;4;7;.571;1;3;.333;0;0;;2;1;3;0;2;0;0;1;9;-7
14/11/2022;LAC;10;chrisjo01;Josh Christopher;10:15;3;7;.429;2;2;1.000;0;0;;1;0;1;2;0;0;2;5;8;-6
14/11/2022;LAC;11;washity02;TyTy Washington Jr.;4:15;0;0;;0;0;;1;2;.500;0;0;0;0;0;0;0;0;1;+6
14/11/2022;LAC;12;mathega01;Garrison Mathews;4:15;0;1;.000;0;1;.000;0;0;;0;1;1;0;1;0;0;0;0;+6
14/11/2022;LAC;13;marjabo01;Boban Marjanović;2:58;0;0;;0;0;;0;0;;0;0;0;0;0;0;0;0;0;+7
14/11/2022;LAC;14;hudgitr01;Trevor Hudgins;Did Not Play
