dateId;teamId;order;playerId;Starters;MP;FG;FGA;FG%;3P;3PA;3P%;FT;FTA;FT%;ORB;DRB;TRB;AST;STL;BLK;TOV;PF;PTS;+/-
21/11/2022;GSW;0;kuminjo01;Jonathan Kuminga;39:30;6;20;.300;4;12;.333;2;2;1.000;1;2;3;2;1;2;3;4;18;-38
21/11/2022;GSW;1;lamban01;Anthony Lamb;34:24;1;5;.200;0;4;.000;0;0;;1;5;6;5;1;1;2;4;2;-31
21/11/2022;GSW;2;poolejo01;Jordan Poole;26:56;9;18;.500;2;9;.222;6;7;.857;0;0;0;0;1;1;4;1;26;-25
21/11/2022;GSW;3;divindo01;Donte DiVincenzo;19:09;0;5;.000;0;3;.000;0;0;;0;1;1;5;2;0;2;1;0;-26
21/11/2022;GSW;4;looneke01;Kevon Looney;5:23;0;0;;0;0;;0;0;;0;3;3;0;0;0;1;1;0;-8
21/11/2022;GSW;5;Reserves;Reserves
21/11/2022;GSW;6;moodymo01;Moses Moody;32:52;2;6;.333;1;5;.200;5;6;.833;0;4;4;1;1;0;3;0;10;-29
21/11/2022;GSW;7;jeromty01;Ty Jerome;26:19;2;4;.500;1;1;1.000;2;2;1.000;0;1;1;3;0;0;2;3;7;-26
21/11/2022;GSW;8;greenja01;JaMychal Green;23:11;4;6;.667;0;2;.000;2;2;1.000;2;6;8;1;0;1;3;3;10;-21
21/11/2022;GSW;9;rolliry01;Ryan Rollins;16:45;1;4;.250;1;3;.333;0;0;;0;3;3;0;0;0;5;3;3;-3
21/11/2022;GSW;10;baldwpa01;Patrick Baldwin Jr.;15:31;3;6;.500;1;4;.250;0;0;;0;5;5;0;3;0;1;0;7;-18
21/11/2022;GSW;11;wiggian01;Andrew Wiggins;Did Not Dress
21/11/2022;GSW;0;ingrabr01;Brandon Ingram;30:50;12;19;.632;3;7;.429;7;7;1.000;1;5;6;3;3;0;2;1;34;+33
21/11/2022;GSW;1;willizi01;Zion Williamson;23:06;3;7;.429;0;0;;3;4;.750;0;2;2;4;0;0;2;1;9;+28
21/11/2022;GSW;2;valanjo01;Jonas Valančiūnas;22:47;4;4;1.000;0;0;;2;5;.400;4;9;13;2;0;0;2;3;10;+22
21/11/2022;GSW;3;mccolcj01;CJ McCollum;21:30;6;10;.600;3;5;.600;0;0;;3;0;3;2;0;0;2;0;15;+21
21/11/2022;GSW;4;joneshe01;Herbert Jones;19:46;1;6;.167;0;4;.000;1;2;.500;0;3;3;2;1;3;2;3;3;+18
21/11/2022;GSW;5;Reserves;Reserves
21/11/2022;GSW;6;marshna01;Naji Marshall;23:26;3;7;.429;0;2;.000;0;0;;0;4;4;7;1;0;1;0;6;+19
21/11/2022;GSW;7;grahade01;Devonte' Graham;22:02;6;11;.545;6;11;.545;1;1;1.000;0;5;5;4;1;0;1;1;19;+27
21/11/2022;GSW;8;daniedy01;Dyson Daniels;20:24;4;7;.571;1;3;.333;0;0;;0;5;5;2;2;0;0;5;9;+14
21/11/2022;GSW;9;nancela02;Larry Nance Jr.;17:51;2;4;.500;0;1;.000;0;0;;0;3;3;0;2;2;0;1;4;+19
21/11/2022;GSW;10;alvarjo01;Jose Alvarado;16:12;4;7;.571;2;5;.400;0;0;;0;1;1;3;3;0;0;1;10;+12
21/11/2022;GSW;11;hernawi01;Willy Hernangómez;7:22;2;3;.667;0;1;.000;1;2;.500;1;1;2;0;0;0;1;0;5;+4
21/11/2022;GSW;12;hayesja02;Jaxson Hayes;7:22;1;2;.500;0;1;.000;0;0;;2;1;3;0;1;0;1;0;2;+4
21/11/2022;GSW;13;templga01;Garrett Temple;7:22;1;4;.250;0;2;.000;0;0;;0;0;0;1;1;0;0;0;2;+4
