dateId;teamId;order;playerId;Starters;MP;FG;FGA;FG%;3P;3PA;3P%;FT;FTA;FT%;ORB;DRB;TRB;AST;STL;BLK;TOV;PF;PTS;+/-
30/11/2022;SAS;0;vassede01;Devin Vassell;36:47;7;13;.538;3;6;.500;8;9;.889;1;6;7;3;1;0;1;2;25;-3
30/11/2022;SAS;1;johnske04;Keldon Johnson;35:47;5;22;.227;4;13;.308;5;8;.625;2;5;7;6;0;0;1;2;19;-8
30/11/2022;SAS;2;jonestr01;Tre Jones;32:03;6;14;.429;0;3;.000;3;3;1.000;1;3;4;5;1;0;3;2;15;-8
30/11/2022;SAS;3;bateske01;Keita Bates-Diop;27:57;5;10;.500;0;0;;1;1;1.000;2;1;3;0;0;1;0;1;11;-15
30/11/2022;SAS;4;colliza01;Zach Collins;27:07;4;6;.667;1;3;.333;0;0;;2;4;6;3;1;0;3;5;9;-11
30/11/2022;SAS;5;Reserves;Reserves
30/11/2022;SAS;6;langfro01;Romeo Langford;21:07;6;9;.667;1;2;.500;1;2;.500;4;4;8;1;0;0;1;2;14;-3
30/11/2022;SAS;7;branhma01;Malaki Branham;19:23;3;6;.500;0;3;.000;1;2;.500;0;0;0;3;1;0;0;4;7;-3
30/11/2022;SAS;8;robyis01;Isaiah Roby;17:19;2;6;.333;0;3;.000;0;0;;0;5;5;2;1;1;1;1;4;-2
30/11/2022;SAS;9;mcderdo01;Doug McDermott;15:34;2;5;.400;1;4;.250;0;0;;0;1;1;4;0;0;0;1;5;+7
30/11/2022;SAS;10;johnsal02;Alize Johnson;6:56;1;1;1.000;0;0;;0;0;;1;2;3;0;0;0;0;0;2;+6
30/11/2022;SAS;11;bassech01;Charles Bassey;Did Not Play
30/11/2022;SAS;12;dienggo01;Gorgui Dieng;Did Not Play
30/11/2022;SAS;0;dortlu01;Luguentz Dort;33:32;7;15;.467;3;7;.429;6;6;1.000;1;0;1;4;0;2;2;2;23;+11
30/11/2022;SAS;1;willija06;Jalen Williams;33:25;11;15;.733;2;3;.667;3;5;.600;1;5;6;2;0;0;3;3;27;+12
30/11/2022;SAS;2;giddejo01;Josh Giddey;32:34;7;18;.389;0;1;.000;0;0;;5;9;14;5;2;0;0;1;14;+6
30/11/2022;SAS;3;robinje02;Jeremiah Robinson-Earl;25:32;2;5;.400;1;3;.333;2;2;1.000;1;4;5;1;0;0;0;2;7;+9
30/11/2022;SAS;4;pokusal01;Aleksej Pokusevski;17:44;2;9;.222;0;2;.000;1;2;.500;5;2;7;1;0;1;2;0;5;-14
30/11/2022;SAS;5;Reserves;Reserves
30/11/2022;SAS;6;manntr01;Tre Mann;26:31;7;13;.538;2;5;.400;0;0;;0;3;3;1;2;0;3;4;16;+4
30/11/2022;SAS;7;diengou01;Ousmane Dieng;22:39;5;6;.833;0;1;.000;0;2;.000;0;7;7;1;0;0;0;2;10;+7
30/11/2022;SAS;8;willike04;Kenrich Williams;18:50;4;5;.800;0;0;;1;2;.500;2;3;5;0;0;0;0;2;9;0
30/11/2022;SAS;9;bazleda01;Darius Bazley;13:56;0;1;.000;0;0;;1;2;.500;0;3;3;0;0;1;1;0;1;+14
30/11/2022;SAS;10;joeis01;Isaiah Joe;8:48;2;5;.400;1;4;.250;0;0;;0;1;1;2;0;0;0;3;5;+2
30/11/2022;SAS;11;wiggiaa01;Aaron Wiggins;6:29;1;2;.500;0;1;.000;0;0;;0;0;0;0;0;0;0;1;2;-11
