dateId;teamId;order;playerId;Starters;MP;FG;FGA;FG%;3P;3PA;3P%;FT;FTA;FT%;ORB;DRB;TRB;AST;STL;BLK;TOV;PF;PTS;+/-
31/12/2022;PHI;0;miltosh01;Shake Milton;38:14;7;14;.500;2;7;.286;2;2;1.000;1;3;4;7;1;0;4;1;18;+19
31/12/2022;PHI;1;harrito02;Tobias Harris;30:55;10;17;.588;1;3;.333;2;2;1.000;5;4;9;4;0;0;0;2;23;+21
31/12/2022;PHI;2;meltode01;De'Anthony Melton;30:42;7;13;.538;3;7;.429;0;0;;0;7;7;3;3;2;0;4;17;+27
31/12/2022;PHI;3;embiijo01;Joel Embiid;28:28;6;17;.353;0;3;.000;4;6;.667;2;11;13;10;1;4;4;3;16;+22
31/12/2022;PHI;4;thybuma01;Matisse Thybulle;21:36;3;3;1.000;3;3;1.000;0;0;;0;1;1;0;0;0;0;5;9;+22
31/12/2022;PHI;5;Reserves;Reserves
31/12/2022;PHI;6;houseda01;Danuel House Jr.;28:16;3;8;.375;1;4;.250;1;2;.500;0;5;5;3;0;0;1;3;8;-11
31/12/2022;PHI;7;korkmfu01;Furkan Korkmaz;25:11;3;7;.429;1;4;.250;0;2;.000;1;4;5;1;2;1;1;0;7;0
31/12/2022;PHI;8;harremo01;Montrezl Harrell;15:36;4;9;.444;0;0;;1;1;1.000;4;2;6;0;0;1;1;2;9;+2
31/12/2022;PHI;9;niangge01;Georges Niang;13:09;1;4;.250;0;3;.000;2;2;1.000;0;1;1;1;0;0;1;1;4;+3
31/12/2022;PHI;10;reedpa01;Paul Reed;3:56;1;5;.200;0;0;;0;0;;0;3;3;0;0;1;1;1;2;-5
31/12/2022;PHI;11;sprinja01;Jaden Springer;3:56;1;2;.500;0;0;;0;0;;1;1;2;0;0;0;0;2;2;-5
31/12/2022;PHI;0;gilgesh01;Shai Gilgeous-Alexander;32:23;4;15;.267;1;2;.500;5;8;.625;2;4;6;5;0;0;2;3;14;-17
31/12/2022;PHI;1;giddejo01;Josh Giddey;31:58;9;15;.600;1;3;.333;1;1;1.000;5;4;9;2;1;1;1;2;20;-23
31/12/2022;PHI;2;willija06;Jalen Williams;27:53;6;10;.600;3;4;.750;2;2;1.000;0;3;3;1;2;1;4;2;17;-5
31/12/2022;PHI;3;dortlu01;Luguentz Dort;24:38;5;13;.385;1;5;.200;2;3;.667;0;5;5;0;3;0;1;2;13;-19
31/12/2022;PHI;4;willija07;Jaylin Williams;17:48;0;2;.000;0;2;.000;1;2;.500;0;4;4;1;0;0;1;3;1;-6
31/12/2022;PHI;5;Reserves;Reserves
31/12/2022;PHI;6;manntr01;Tre Mann;24:36;1;9;.111;1;4;.250;0;0;;1;2;3;2;1;0;3;2;3;-2
31/12/2022;PHI;7;willike04;Kenrich Williams;22:57;3;7;.429;0;2;.000;0;0;;3;6;9;2;0;3;0;1;6;-14
31/12/2022;PHI;8;joeis01;Isaiah Joe;19:09;3;5;.600;2;3;.667;0;0;;3;2;5;1;0;0;0;2;8;+10
31/12/2022;PHI;9;muscami01;Mike Muscala;17:27;1;8;.125;1;6;.167;1;2;.500;1;2;3;1;0;0;1;3;4;+1
31/12/2022;PHI;10;bazleda01;Darius Bazley;14:16;2;4;.500;1;1;1.000;1;2;.500;0;2;2;0;0;0;2;0;6;-20
31/12/2022;PHI;11;waterli01;Lindy Waters III;5:07;1;4;.250;1;4;.250;1;2;.500;0;1;1;1;0;1;0;0;4;+5
31/12/2022;PHI;12;omorueu01;Eugene Omoruyi;1:48;0;0;;0;0;;0;0;;0;0;0;0;0;0;1;1;0;-5
31/12/2022;PHI;13;wiggiaa01;Aaron Wiggins;Did Not Play
