dateId;teamId;order;playerId;Starters;MP;FG;FGA;FG%;3P;3PA;3P%;FT;FTA;FT%;ORB;DRB;TRB;AST;STL;BLK;TOV;PF;PTS;+/-
20/04/2023;SAC;0;foxde01;De'Aaron Fox;37:42;9;22;.409;3;9;.333;5;8;.625;3;6;9;9;2;0;4;3;26;-17
20/04/2023;SAC;1;sabondo01;Domantas Sabonis;34:43;7;14;.500;0;1;.000;1;2;.500;3;13;16;4;2;0;6;1;15;-20
20/04/2023;SAC;2;barneha02;Harrison Barnes;34:21;6;10;.600;3;7;.429;2;4;.500;1;0;1;0;0;0;0;1;17;-22
20/04/2023;SAC;3;huertke01;Kevin Huerter;28:41;6;12;.500;1;6;.167;0;0;;0;4;4;2;1;1;1;5;13;-12
20/04/2023;SAC;4;murrake02;Keegan Murray;21:49;2;7;.286;1;5;.200;1;2;.500;2;3;5;0;1;1;1;5;6;0
20/04/2023;SAC;5;Reserves;Reserves
20/04/2023;SAC;6;monkma01;Malik Monk;24:36;1;9;.111;0;4;.000;2;2;1.000;1;2;3;4;0;0;0;0;4;-13
20/04/2023;SAC;7;mitchda01;Davion Mitchell;17:33;2;6;.333;1;5;.200;0;0;;0;1;1;1;0;0;1;0;5;-10
20/04/2023;SAC;8;lylestr01;Trey Lyles;12:45;0;6;.000;0;4;.000;2;2;1.000;1;4;5;0;0;0;0;1;2;0
20/04/2023;SAC;9;daviste02;Terence Davis;10:49;1;4;.250;1;4;.250;0;0;;0;4;4;1;0;0;0;2;3;-1
20/04/2023;SAC;10;lenal01;Alex Len;7:51;0;0;;0;0;;2;2;1.000;1;2;3;0;0;1;1;4;2;-2
20/04/2023;SAC;11;edwarke02;Kessler Edwards;3:08;0;0;;0;0;;0;0;;0;0;0;0;0;0;0;0;0;+4
20/04/2023;SAC;12;doziepj01;PJ Dozier;3:01;1;2;.500;1;2;.500;0;0;;1;1;2;0;0;0;0;0;3;+4
20/04/2023;SAC;13;metuch01;Chimezie Metu;3:01;0;0;;0;0;;1;1;1.000;0;0;0;0;0;0;1;0;1;+4
20/04/2023;SAC;14;holmeri01;Richaun Holmes;Did Not Play
20/04/2023;SAC;0;curryst01;Stephen Curry;36:57;12;25;.480;6;12;.500;6;6;1.000;1;5;6;3;2;1;1;4;36;+24
20/04/2023;SAC;1;thompkl01;Klay Thompson;34:32;5;15;.333;3;10;.300;0;0;;0;5;5;2;1;1;2;0;13;+16
20/04/2023;SAC;2;wiggian01;Andrew Wiggins;34:10;8;16;.500;3;6;.500;1;2;.500;1;6;7;3;0;1;2;3;20;+17
20/04/2023;SAC;3;looneke01;Kevon Looney;30:56;2;6;.333;0;0;;0;0;;9;11;20;9;1;0;2;1;4;+21
20/04/2023;SAC;4;poolejo01;Jordan Poole;27:51;4;13;.308;1;7;.143;7;8;.875;2;3;5;4;3;0;1;2;16;+13
20/04/2023;SAC;5;Reserves;Reserves
20/04/2023;SAC;6;divindo01;Donte DiVincenzo;26:47;2;8;.250;1;5;.200;1;2;.500;3;4;7;8;4;0;2;1;6;+5
20/04/2023;SAC;7;moodymo01;Moses Moody;15:47;4;7;.571;2;5;.400;3;3;1.000;0;3;3;0;0;0;0;3;13;-5
20/04/2023;SAC;8;kuminjo01;Jonathan Kuminga;13:13;3;7;.429;0;2;.000;0;2;.000;2;0;2;1;1;0;0;2;6;+6
20/04/2023;SAC;9;greenja01;JaMychal Green;10:10;0;2;.000;0;2;.000;0;0;;0;3;3;1;0;1;0;3;0;-4
20/04/2023;SAC;10;lamban01;Anthony Lamb;7:06;0;1;.000;0;1;.000;0;0;;0;0;0;0;0;1;1;0;0;-3
20/04/2023;SAC;11;baldwpa01;Patrick Baldwin Jr.;2:31;0;0;;0;0;;0;0;;0;1;1;0;0;0;0;0;0;-5
20/04/2023;SAC;12;greendr01;Draymond Green;Player Suspended
