dateId;teamId;order;playerId;Starters;MP;FG;FGA;FG%;3P;3PA;3P%;FT;FTA;FT%;ORB;DRB;TRB;AST;STL;BLK;TOV;PF;PTS;+/-
18/01/2023;IND;0;nembhan01;Andrew Nembhard;27:26;7;16;.438;2;4;.500;2;2;1.000;2;3;5;7;2;0;1;4;18;-16
18/01/2023;IND;1;mathube01;Bennedict Mathurin;22:28;4;10;.400;3;6;.500;2;2;1.000;0;5;5;0;0;0;2;2;13;-19
18/01/2023;IND;2;turnemy01;Myles Turner;19:59;3;4;.750;1;1;1.000;0;0;;1;2;3;0;1;6;4;2;7;-23
18/01/2023;IND;3;hieldbu01;Buddy Hield;19:00;1;4;.250;1;4;.250;0;0;;0;2;2;3;0;0;3;1;3;-27
18/01/2023;IND;4;nesmiaa01;Aaron Nesmith;18:20;3;8;.375;1;3;.333;2;4;.500;1;1;2;0;0;0;2;2;9;-26
18/01/2023;IND;5;Reserves;Reserves
18/01/2023;IND;6;mccontj01;T.J. McConnell;25:07;5;7;.714;0;0;;0;0;;0;0;0;6;1;0;1;1;10;-5
18/01/2023;IND;7;queentr01;Trevelin Queen;23:15;5;11;.455;1;3;.333;2;2;1.000;4;5;9;1;1;3;3;1;13;+12
18/01/2023;IND;8;brissos01;Oshae Brissett;22:13;1;11;.091;1;6;.167;2;2;1.000;4;2;6;3;1;1;1;0;5;-3
18/01/2023;IND;9;duartch01;Chris Duarte;22:11;4;11;.364;2;5;.400;1;2;.500;1;4;5;3;0;0;2;2;11;-3
18/01/2023;IND;10;jacksis01;Isaiah Jackson;17:23;4;6;.667;0;0;;3;6;.500;4;3;7;0;1;0;1;2;11;-5
18/01/2023;IND;11;taylote01;Terry Taylor;16:22;2;3;.667;0;1;.000;0;0;;0;1;1;0;1;0;2;2;4;+12
18/01/2023;IND;12;bitadgo01;Goga Bitadze;6:16;0;3;.000;0;0;;2;4;.500;3;0;3;0;1;0;1;0;2;+3
18/01/2023;IND;13;johnsja01;James Johnson;Did Not Play
18/01/2023;IND;14;smithja04;Jalen Smith;Did Not Play
18/01/2023;IND;0;willija06;Jalen Williams;34:13;4;10;.400;1;4;.250;2;2;1.000;2;5;7;6;4;1;1;4;11;+33
18/01/2023;IND;1;gilgesh01;Shai Gilgeous-Alexander;29:47;7;17;.412;1;4;.250;8;9;.889;1;2;3;6;3;0;2;2;23;+38
18/01/2023;IND;2;giddejo01;Josh Giddey;29:32;8;12;.667;0;2;.000;0;0;;3;3;6;11;1;1;5;6;16;+5
18/01/2023;IND;3;dortlu01;Luguentz Dort;28:07;8;14;.571;3;5;.600;3;4;.750;2;9;11;1;1;1;0;3;22;+32
18/01/2023;IND;4;willike04;Kenrich Williams;22:03;5;8;.625;2;4;.500;0;0;;3;2;5;10;1;2;1;2;12;+24
18/01/2023;IND;5;Reserves;Reserves
18/01/2023;IND;6;wiggiaa01;Aaron Wiggins;25:46;5;10;.500;0;3;.000;0;1;.000;1;0;1;4;0;0;1;2;10;-11
18/01/2023;IND;7;joeis01;Isaiah Joe;22:07;7;12;.583;7;12;.583;2;2;1.000;0;4;4;1;2;1;0;2;23;+14
18/01/2023;IND;8;manntr01;Tre Mann;16:40;1;4;.250;1;1;1.000;0;0;;1;2;3;1;0;1;1;1;3;-22
18/01/2023;IND;9;willija07;Jaylin Williams;16:30;2;2;1.000;1;1;1.000;0;0;;0;0;0;1;0;0;5;3;5;+4
18/01/2023;IND;10;muscami01;Mike Muscala;9:36;0;2;.000;0;1;.000;0;1;.000;0;2;2;0;0;0;0;0;0;-7
18/01/2023;IND;11;bazleda01;Darius Bazley;5:37;0;2;.000;0;1;.000;1;2;.500;0;0;0;0;0;0;1;0;1;-10
