dateId;teamId;order;playerId;Starters;MP;FG;FGA;FG%;3P;3PA;3P%;FT;FTA;FT%;ORB;DRB;TRB;AST;STL;BLK;TOV;PF;PTS;+/-
13/02/2023;LAL;0;davisan02;Anthony Davis;31:04;8;18;.444;0;2;.000;3;3;1.000;3;17;20;1;0;3;2;3;19;-10
13/02/2023;LAL;1;schrode01;Dennis Schröder;29:40;1;7;.143;0;2;.000;0;0;;0;2;2;6;0;0;2;2;2;-6
13/02/2023;LAL;2;russeda01;D'Angelo Russell;27:53;7;16;.438;2;8;.250;0;0;;1;2;3;4;0;0;1;1;16;-7
13/02/2023;LAL;3;hachiru01;Rui Hachimura;21:51;3;8;.375;0;1;.000;2;2;1.000;4;3;7;1;0;1;2;0;8;-1
13/02/2023;LAL;4;browntr01;Troy Brown Jr.;20:19;5;9;.556;1;4;.250;2;2;1.000;0;1;1;2;1;0;0;0;13;-2
13/02/2023;LAL;5;Reserves;Reserves
13/02/2023;LAL;6;reaveau01;Austin Reaves;25:18;3;5;.600;1;3;.333;3;4;.750;0;2;2;2;0;0;1;0;10;-25
13/02/2023;LAL;7;vandeja01;Jarred Vanderbilt;22:05;2;4;.500;0;0;;2;2;1.000;1;5;6;3;2;0;1;4;6;-29
13/02/2023;LAL;8;beaslma01;Malik Beasley;21:14;8;16;.500;6;12;.500;0;0;;0;2;2;1;2;0;0;2;22;-8
13/02/2023;LAL;9;walkelo01;Lonnie Walker IV;14:41;2;6;.333;2;4;.500;2;2;1.000;0;3;3;0;0;0;1;0;8;+1
13/02/2023;LAL;10;gabriwe01;Wenyen Gabriel;12:31;2;4;.500;0;0;;3;4;.750;5;2;7;2;0;0;1;3;7;-1
13/02/2023;LAL;11;chrisma02;Max Christie;6:42;0;1;.000;0;1;.000;2;2;1.000;0;2;2;1;1;1;2;1;2;+14
13/02/2023;LAL;12;reedda01;Davon Reed;6:42;1;1;1.000;0;0;;0;0;;0;1;1;1;0;0;0;0;2;+14
13/02/2023;LAL;13;bambamo01;Mo Bamba;Not With Team
13/02/2023;LAL;0;lillada01;Damian Lillard;33:34;13;23;.565;8;14;.571;6;7;.857;0;6;6;5;0;1;3;1;40;+11
13/02/2023;LAL;1;simonan01;Anfernee Simons;27:50;6;15;.400;2;5;.400;0;0;;0;3;3;6;0;0;0;0;14;+11
13/02/2023;LAL;2;thybuma01;Matisse Thybulle;26:29;5;9;.556;4;6;.667;0;0;;1;5;6;2;1;3;1;2;14;+11
13/02/2023;LAL;3;eubandr01;Drew Eubanks;23:47;3;6;.500;0;0;;0;0;;3;6;9;1;0;1;0;3;6;+5
13/02/2023;LAL;4;reddica01;Cam Reddish;18:48;2;8;.250;1;5;.200;0;0;;1;2;3;2;2;1;1;1;5;+1
13/02/2023;LAL;5;Reserves;Reserves
13/02/2023;LAL;6;littlna01;Nassir Little;27:48;4;7;.571;3;5;.600;0;0;;0;1;1;1;0;2;0;1;11;+29
13/02/2023;LAL;7;sharpsh01;Shaedon Sharpe;25:34;6;10;.600;3;5;.600;0;0;;0;5;5;4;3;0;0;2;15;+19
13/02/2023;LAL;8;watfotr01;Trendon Watford;17:31;2;5;.400;2;2;1.000;2;2;1.000;1;3;4;3;0;0;1;1;8;+21
13/02/2023;LAL;9;walkeja01;Jabari Walker;16:33;3;7;.429;0;2;.000;2;2;1.000;1;2;3;2;1;0;0;1;8;-1
13/02/2023;LAL;10;knoxke01;Kevin Knox;6:42;1;2;.500;0;1;.000;2;2;1.000;1;1;2;0;0;0;0;1;4;-14
13/02/2023;LAL;11;johnske07;Keon Johnson;6:42;1;4;.250;0;1;.000;0;0;;0;0;0;1;0;0;0;2;2;-14
13/02/2023;LAL;12;arcidry01;Ryan Arcidiacono;6:42;0;1;.000;0;1;.000;0;0;;0;0;0;0;0;0;1;0;0;-14
13/02/2023;LAL;13;butlejo01;John Butler;2:00;0;0;;0;0;;0;0;;0;0;0;0;0;1;0;0;0;-5
