dateId;teamId;order;playerId;Starters;MP;FG;FGA;FG%;3P;3PA;3P%;FT;FTA;FT%;ORB;DRB;TRB;AST;STL;BLK;TOV;PF;PTS;+/-
26/03/2023;SAS;0;colliza01;Zach Collins;30:36;8;18;.444;2;5;.400;3;5;.600;0;7;7;4;0;0;4;0;21;-26
26/03/2023;SAS;1;vassede01;Devin Vassell;26:33;4;12;.333;1;5;.200;0;0;;0;5;5;4;0;0;1;3;9;-27
26/03/2023;SAS;2;jonestr01;Tre Jones;26:27;4;9;.444;1;1;1.000;2;3;.667;1;4;5;4;3;0;1;2;11;-26
26/03/2023;SAS;3;branhma01;Malaki Branham;24:03;7;13;.538;1;3;.333;0;0;;0;3;3;1;0;0;0;1;15;-26
26/03/2023;SAS;4;bateske01;Keita Bates-Diop;19:05;1;6;.167;0;2;.000;0;0;;1;4;5;1;0;0;0;0;2;-3
26/03/2023;SAS;5;Reserves;Reserves
26/03/2023;SAS;6;mamuksa01;Sandro Mamukelashvili;22:10;5;10;.500;1;4;.250;2;3;.667;0;5;5;3;0;0;1;2;13;-13
26/03/2023;SAS;7;grahade01;Devonte' Graham;22:06;0;5;.000;0;3;.000;2;2;1.000;0;3;3;2;2;0;2;3;2;-16
26/03/2023;SAS;8;mcderdo01;Doug McDermott;20:54;2;10;.200;1;7;.143;2;2;1.000;0;1;1;1;0;0;0;2;7;-21
26/03/2023;SAS;9;langfro01;Romeo Langford;18:56;3;6;.500;1;2;.500;1;2;.500;1;1;2;0;2;0;0;0;8;-16
26/03/2023;SAS;10;champju02;Julian Champagnie;9:00;1;2;.500;0;1;.000;0;0;;0;1;1;0;0;0;0;1;2;-14
26/03/2023;SAS;11;dienggo01;Gorgui Dieng;7:01;0;4;.000;0;3;.000;0;0;;0;1;1;2;0;0;0;0;0;-13
26/03/2023;SAS;12;barlodo01;Dominick Barlow;6:50;0;0;;0;0;;0;0;;0;0;0;0;0;0;0;2;0;-8
26/03/2023;SAS;13;weslebl01;Blake Wesley;6:19;1;2;.500;0;0;;1;1;1.000;0;0;0;0;0;0;1;0;3;-11
26/03/2023;SAS;0;brownja02;Jaylen Brown;36:15;18;29;.621;2;10;.200;3;5;.600;1;12;13;3;1;0;5;1;41;+28
26/03/2023;SAS;1;whitede01;Derrick White;32:50;7;11;.636;4;6;.667;1;2;.500;1;7;8;2;1;2;1;0;19;+41
26/03/2023;SAS;2;hausesa01;Sam Hauser;28:03;2;6;.333;2;6;.333;0;0;;0;4;4;2;0;0;0;3;6;+13
26/03/2023;SAS;3;smartma01;Marcus Smart;27:30;4;10;.400;2;6;.333;3;4;.750;1;2;3;4;0;2;3;4;13;+22
26/03/2023;SAS;4;horfoal01;Al Horford;22:09;2;6;.333;2;6;.333;0;0;;1;8;9;4;1;3;2;1;6;+20
26/03/2023;SAS;5;Reserves;Reserves
26/03/2023;SAS;6;brogdma01;Malcolm Brogdon;26:01;6;12;.500;1;3;.333;7;8;.875;2;3;5;9;1;1;0;2;20;+22
26/03/2023;SAS;7;williro04;Robert Williams;18:50;5;7;.714;0;0;;1;2;.500;2;6;8;0;0;1;1;1;11;+11
26/03/2023;SAS;8;willigr01;Grant Williams;17:57;1;2;.500;1;2;.500;0;0;;0;4;4;0;0;1;0;2;3;+12
26/03/2023;SAS;9;muscami01;Mike Muscala;11:45;3;4;.750;3;4;.750;0;0;;1;2;3;1;0;0;0;1;9;+16
26/03/2023;SAS;10;kornelu01;Luke Kornet;7:01;2;2;1.000;0;0;;0;0;;0;1;1;0;0;1;0;1;4;+13
26/03/2023;SAS;11;davisjd01;JD Davison;6:34;2;2;1.000;1;1;1.000;0;0;;0;1;1;2;0;0;1;2;5;+11
26/03/2023;SAS;12;griffbl01;Blake Griffin;5:05;0;0;;0;0;;0;0;;0;2;2;2;0;0;1;0;0;+11
26/03/2023;SAS;13;kabenmf01;Mfiondu Kabengele;Did Not Play
