dateId;teamId;order;playerId;Starters;MP;FG;FGA;FG%;3P;3PA;3P%;FT;FTA;FT%;ORB;DRB;TRB;AST;STL;BLK;TOV;PF;PTS;+/-
09/04/2023;SAC;0;murrake02;Keegan Murray;25:48;6;12;.500;2;8;.250;0;0;;0;5;5;2;1;0;0;2;14;-2
09/04/2023;SAC;1;huertke01;Kevin Huerter;21:17;5;9;.556;2;4;.500;0;0;;0;1;1;3;1;1;2;4;12;+5
09/04/2023;SAC;2;sabondo01;Domantas Sabonis;18:41;6;9;.667;0;0;;2;3;.667;5;4;9;5;0;2;2;2;14;+6
09/04/2023;SAC;3;barneha02;Harrison Barnes;17:34;5;7;.714;5;7;.714;2;2;1.000;0;0;0;0;0;0;1;1;17;+17
09/04/2023;SAC;4;foxde01;De'Aaron Fox;17:34;6;10;.600;1;3;.333;0;0;;1;1;2;3;0;0;1;0;13;+17
09/04/2023;SAC;5;Reserves;Reserves
09/04/2023;SAC;6;doziepj01;PJ Dozier;24:21;2;8;.250;0;3;.000;0;0;;1;3;4;6;3;0;2;2;4;-25
09/04/2023;SAC;7;lylestr01;Trey Lyles;19:41;1;4;.250;0;3;.000;0;0;;0;2;2;0;0;0;2;1;2;-21
09/04/2023;SAC;8;daviste02;Terence Davis;18:05;2;9;.222;1;8;.125;0;2;.000;0;1;1;0;0;0;0;1;5;-18
09/04/2023;SAC;9;monkma01;Malik Monk;17:42;2;5;.400;0;2;.000;0;0;;0;0;0;3;0;0;5;0;4;-15
09/04/2023;SAC;10;elliske01;Keon Ellis;13:23;0;3;.000;0;2;.000;1;2;.500;0;0;0;1;0;0;0;0;1;-6
09/04/2023;SAC;11;lenal01;Alex Len;12:17;0;0;;0;0;;0;0;;1;4;5;1;1;2;0;1;0;-5
09/04/2023;SAC;12;metuch01;Chimezie Metu;11:51;2;4;.500;0;1;.000;5;6;.833;0;0;0;0;1;0;0;0;9;-3
09/04/2023;SAC;13;edwarke02;Kessler Edwards;9:46;0;2;.000;0;1;.000;0;0;;1;0;1;0;0;0;0;4;0;-8
09/04/2023;SAC;14;holmeri01;Richaun Holmes;7:49;0;2;.000;0;1;.000;0;0;;0;2;2;0;0;0;0;0;0;-13
09/04/2023;SAC;15;quetane01;Neemias Queta;4:11;0;1;.000;0;0;;0;0;;1;1;2;0;0;1;0;0;0;+1
09/04/2023;SAC;0;brownbr01;Bruce Brown;31:45;9;17;.529;0;1;.000;3;5;.600;0;6;6;6;3;0;0;2;21;+10
09/04/2023;SAC;1;jordade01;DeAndre Jordan;26:47;2;3;.667;0;0;;2;2;1.000;3;5;8;2;1;0;3;3;6;+2
09/04/2023;SAC;2;watsope01;Peyton Watson;26:19;4;10;.400;0;2;.000;5;7;.714;2;2;4;0;1;1;2;1;13;-9
09/04/2023;SAC;3;braunch01;Christian Braun;22:49;4;9;.444;0;2;.000;2;2;1.000;2;0;2;0;0;0;2;1;10;-7
09/04/2023;SAC;4;cancavl01;Vlatko Čančar;21:33;2;4;.500;1;1;1.000;6;7;.857;1;2;3;2;2;0;1;1;11;-2
09/04/2023;SAC;5;Reserves;Reserves
09/04/2023;SAC;6;nnajize01;Zeke Nnaji;25:54;8;16;.500;2;9;.222;0;2;.000;3;4;7;1;1;0;4;3;18;+19
09/04/2023;SAC;7;jacksre01;Reggie Jackson;25:11;7;11;.636;2;6;.333;0;0;;0;3;3;4;1;0;1;1;16;+21
09/04/2023;SAC;8;smithis01;Ish Smith;23:29;0;3;.000;0;3;.000;0;0;;0;2;2;9;1;0;2;1;0;+11
09/04/2023;SAC;9;bryanth01;Thomas Bryant;21:13;5;8;.625;2;3;.667;0;0;;1;7;8;0;0;1;0;1;12;+12
09/04/2023;SAC;10;whiteja03;Jack White;15:00;1;3;.333;0;1;.000;0;0;;3;5;8;1;1;0;1;1;2;+13
09/04/2023;SAC;11;portemi01;Michael Porter Jr.;Did Not Dress
