dateId;teamId;order;playerId;Starters;MP;FG;FGA;FG%;3P;3PA;3P%;FT;FTA;FT%;ORB;DRB;TRB;AST;STL;BLK;TOV;PF;PTS;+/-
25/10/2022;LAC;0;zubaciv01;Ivica Zubac;34:42;5;9;.556;0;1;.000;0;0;;4;10;14;2;0;7;1;2;10;-17
25/10/2022;LAC;1;powelno01;Norman Powell;30:24;3;10;.300;0;5;.000;1;2;.500;0;2;2;2;0;0;4;2;7;-20
25/10/2022;LAC;2;jacksre01;Reggie Jackson;30:00;4;17;.235;1;6;.167;0;0;;0;3;3;6;0;0;3;2;9;-19
25/10/2022;LAC;3;mannte01;Terance Mann;25:45;3;5;.600;1;1;1.000;2;4;.500;1;8;9;0;1;1;4;1;9;-14
25/10/2022;LAC;4;batumni01;Nicolas Batum;18:04;2;4;.500;2;3;.667;2;2;1.000;1;3;4;1;0;1;0;2;8;-19
25/10/2022;LAC;5;Reserves;Reserves
25/10/2022;LAC;6;kennalu01;Luke Kennard;28:58;6;13;.462;3;7;.429;0;0;;0;4;4;2;1;0;1;1;15;+2
25/10/2022;LAC;7;coffeam01;Amir Coffey;26:26;1;5;.200;0;1;.000;6;6;1.000;0;2;2;2;0;1;0;2;8;+13
25/10/2022;LAC;8;covinro01;Robert Covington;20:53;4;6;.667;2;4;.500;0;0;;0;4;4;2;1;3;1;4;10;-2
25/10/2022;LAC;9;walljo01;John Wall;19:30;4;9;.444;1;3;.333;3;4;.750;1;2;3;4;2;0;4;2;12;+2
25/10/2022;LAC;10;bostobr01;Brandon Boston Jr.;2:39;3;4;.750;0;0;;0;0;;0;0;0;0;0;0;0;0;6;+2
25/10/2022;LAC;11;brownmo01;Moses Brown;2:39;0;1;.000;0;0;;0;0;;0;2;2;0;0;1;0;0;0;+2
25/10/2022;LAC;0;gilgesh01;Shai Gilgeous-Alexander;36:44;11;22;.500;2;2;1.000;9;9;1.000;1;4;5;8;3;3;2;0;33;+23
25/10/2022;LAC;1;manntr01;Tre Mann;36:21;10;24;.417;2;8;.250;3;3;1.000;2;2;4;4;2;0;1;0;25;+14
25/10/2022;LAC;2;wiggiaa01;Aaron Wiggins;28:21;5;14;.357;0;1;.000;1;1;1.000;3;7;10;0;3;1;1;2;11;+18
25/10/2022;LAC;3;dortlu01;Luguentz Dort;25:55;1;11;.091;0;6;.000;2;2;1.000;0;2;2;0;0;0;0;2;4;+25
25/10/2022;LAC;4;robinje02;Jeremiah Robinson-Earl;22:46;0;7;.000;0;3;.000;2;2;1.000;3;6;9;0;3;1;0;1;2;+8
25/10/2022;LAC;5;Reserves;Reserves
25/10/2022;LAC;6;willike04;Kenrich Williams;25:25;5;8;.625;0;2;.000;0;0;;4;3;7;2;0;1;0;2;10;-9
25/10/2022;LAC;7;bazleda01;Darius Bazley;19:30;3;8;.375;0;2;.000;1;2;.500;3;5;8;0;0;1;1;2;7;-1
25/10/2022;LAC;8;muscami01;Mike Muscala;17:59;4;5;.800;0;0;;0;0;;5;5;10;2;0;1;0;2;8;+8
25/10/2022;LAC;9;pokusal01;Aleksej Pokusevski;16:37;2;7;.286;0;3;.000;2;6;.333;0;4;4;2;1;0;0;2;6;-7
25/10/2022;LAC;10;diengou01;Ousmane Dieng;10:19;1;4;.250;0;3;.000;0;0;;0;1;1;1;0;0;0;0;2;-9
25/10/2022;LAC;11;joeis01;Isaiah Joe;0:03;0;0;;0;0;;0;0;;0;0;0;0;0;0;0;0;0;0
25/10/2022;LAC;12;willija07;Jaylin Williams;Did Not Play
