dateId;teamId;order;playerId;Starters;MP;FG;FGA;FG%;3P;3PA;3P%;FT;FTA;FT%;ORB;DRB;TRB;AST;STL;BLK;TOV;PF;PTS;+/-
09/04/2023;CHO;0;maledth01;Théo Maledon;41:45;7;13;.538;0;2;.000;4;4;1.000;1;7;8;6;1;0;3;3;18;+17
09/04/2023;CHO;1;mykhasv01;Svi Mykhailiuk;35:02;6;18;.333;2;10;.200;2;2;1.000;4;3;7;6;2;0;3;2;16;+3
09/04/2023;CHO;2;mcgowbr01;Bryce McGowens;32:32;6;11;.545;1;4;.250;9;10;.900;0;4;4;4;2;0;4;1;22;+14
09/04/2023;CHO;3;thorjt01;JT Thor;31:15;2;11;.182;1;6;.167;0;0;;0;6;6;3;0;0;2;0;5;+3
09/04/2023;CHO;4;willima07;Mark Williams;30:26;9;10;.900;0;0;;4;6;.667;1;9;10;0;1;2;2;3;22;+3
09/04/2023;CHO;5;Reserves;Reserves
09/04/2023;CHO;6;bouknja01;James Bouknight;26:33;4;12;.333;2;8;.250;2;3;.667;1;1;2;0;0;0;1;3;12;-1
09/04/2023;CHO;7;richani01;Nick Richards;17:34;3;4;.750;0;0;;5;5;1.000;2;6;8;1;1;3;3;0;11;+8
09/04/2023;CHO;8;joneska01;Kai Jones;16:45;0;1;.000;0;1;.000;0;0;;0;2;2;0;1;0;0;2;0;+8
09/04/2023;CHO;9;simmoko01;Kobi Simmons;8:08;0;1;.000;0;1;.000;0;0;;1;1;2;3;0;0;0;0;0;0
09/04/2023;CHO;10;martico01;Cody Martin;Did Not Dress
09/04/2023;CHO;11;smithde03;Dennis Smith Jr.;Did Not Dress
09/04/2023;CHO;0;rubiori01;Ricky Rubio;26:24;2;11;.182;0;4;.000;2;2;1.000;1;4;5;7;0;0;3;1;6;+1
09/04/2023;CHO;1;wadede01;Dean Wade;23:46;3;6;.500;3;4;.750;0;0;;0;3;3;1;3;1;1;1;9;-5
09/04/2023;CHO;2;osmande01;Cedi Osman;16:04;1;3;.333;0;1;.000;2;3;.667;1;1;2;2;1;0;2;3;4;+6
09/04/2023;CHO;3;mobleev01;Evan Mobley;12:00;3;7;.429;0;0;;0;0;;2;3;5;0;0;0;1;0;6;+8
09/04/2023;CHO;4;allenja01;Jarrett Allen;12:00;2;4;.500;0;1;.000;0;0;;2;4;6;1;0;1;1;0;4;+8
09/04/2023;CHO;5;Reserves;Reserves
09/04/2023;CHO;6;merrisa01;Sam Merrill;25:59;6;12;.500;3;9;.333;2;2;1.000;0;4;4;1;3;0;0;1;17;-11
09/04/2023;CHO;7;greenda02;Danny Green;24:38;5;12;.417;3;10;.300;0;0;;1;3;4;1;0;1;3;5;13;-12
09/04/2023;CHO;8;mobleis01;Isaiah Mobley;22:58;0;6;.000;0;2;.000;2;2;1.000;1;3;4;2;0;0;0;3;2;-7
09/04/2023;CHO;9;netora01;Raul Neto;21:36;4;9;.444;0;3;.000;5;5;1.000;1;0;1;6;1;0;2;4;13;-12
09/04/2023;CHO;10;lopezro01;Robin Lopez;18:43;4;10;.400;0;1;.000;2;2;1.000;1;2;3;2;0;1;2;3;10;-17
09/04/2023;CHO;11;stevela01;Lamar Stevens;18:43;1;3;.333;0;0;;0;0;;1;4;5;1;0;0;0;1;2;-12
09/04/2023;CHO;12;diakima01;Mamadi Diakite;17:09;4;6;.667;1;2;.500;0;0;;0;2;2;3;1;1;1;2;9;-2
