dateId;teamId;order;playerId;Starters;MP;FG;FGA;FG%;3P;3PA;3P%;FT;FTA;FT%;ORB;DRB;TRB;AST;STL;BLK;TOV;PF;PTS;+/-
03/01/2023;BOS;0;tatumja01;Jayson Tatum;30:21;9;17;.529;2;7;.286;7;7;1.000;1;5;6;2;0;0;4;2;27;-25
03/01/2023;BOS;1;smartma01;Marcus Smart;25:34;3;6;.500;0;2;.000;1;2;.500;1;3;4;8;0;1;3;2;7;-26
03/01/2023;BOS;2;brownja02;Jaylen Brown;25:18;11;18;.611;2;7;.286;5;9;.556;0;1;1;2;0;0;1;3;29;-28
03/01/2023;BOS;3;horfoal01;Al Horford;22:07;1;3;.333;0;1;.000;0;0;;0;2;2;1;0;0;0;0;2;-20
03/01/2023;BOS;4;whitede01;Derrick White;21:43;2;8;.250;1;6;.167;3;3;1.000;1;3;4;6;0;2;2;3;8;-3
03/01/2023;BOS;5;Reserves;Reserves
03/01/2023;BOS;6;brogdma01;Malcolm Brogdon;25:45;4;12;.333;1;3;.333;8;8;1.000;3;6;9;3;2;1;0;2;17;-21
03/01/2023;BOS;7;hausesa01;Sam Hauser;23:02;2;6;.333;2;6;.333;0;0;;1;3;4;0;1;0;3;0;6;-5
03/01/2023;BOS;8;willigr01;Grant Williams;16:13;0;1;.000;0;1;.000;0;0;;2;2;4;2;0;0;3;1;0;-20
03/01/2023;BOS;9;pritcpa01;Payton Pritchard;14:46;7;13;.538;3;4;.750;0;0;;0;0;0;0;0;0;1;0;17;-5
03/01/2023;BOS;10;griffbl01;Blake Griffin;12:00;0;1;.000;0;1;.000;0;0;;0;2;2;2;1;1;0;1;0;-2
03/01/2023;BOS;11;kornelu01;Luke Kornet;11:07;0;0;;0;0;;0;0;;0;0;0;1;0;1;0;0;0;-8
03/01/2023;BOS;12;jacksju01;Justin Jackson;6:02;1;3;.333;1;2;.500;1;2;.500;1;0;1;1;0;1;0;0;4;-1
03/01/2023;BOS;13;vonleno01;Noah Vonleh;6:02;0;0;;0;0;;0;0;;1;0;1;1;0;0;0;1;0;-1
03/01/2023;BOS;0;willija06;Jalen Williams;33:13;10;18;.556;0;4;.000;1;3;.333;0;3;3;6;4;0;0;3;21;+22
03/01/2023;BOS;1;wiggiaa01;Aaron Wiggins;32:23;7;8;.875;2;2;1.000;1;1;1.000;2;4;6;3;0;0;2;0;17;+22
03/01/2023;BOS;2;dortlu01;Luguentz Dort;28:20;8;15;.533;3;6;.500;4;5;.800;3;2;5;3;2;0;3;1;23;+31
03/01/2023;BOS;3;giddejo01;Josh Giddey;24:24;10;15;.667;3;5;.600;2;2;1.000;0;5;5;5;2;0;0;2;25;+19
03/01/2023;BOS;4;willike04;Kenrich Williams;23:44;3;6;.500;2;3;.667;2;2;1.000;2;3;5;3;1;0;1;3;10;+14
03/01/2023;BOS;5;Reserves;Reserves
03/01/2023;BOS;6;manntr01;Tre Mann;32:16;8;11;.727;5;8;.625;0;1;.000;0;6;6;3;3;2;3;2;21;+31
03/01/2023;BOS;7;joeis01;Isaiah Joe;27:49;8;13;.615;3;7;.429;2;4;.500;1;3;4;4;0;0;1;2;21;+18
03/01/2023;BOS;8;willija07;Jaylin Williams;16:06;3;6;.500;2;3;.667;0;0;;1;6;7;3;2;0;1;4;8;+12
03/01/2023;BOS;9;muscami01;Mike Muscala;13:02;0;3;.000;0;2;.000;0;0;;0;2;2;0;0;1;1;5;0;+3
03/01/2023;BOS;10;bazleda01;Darius Bazley;8:40;1;3;.333;0;0;;2;4;.500;0;1;1;1;0;0;1;1;4;-7
03/01/2023;BOS;11;gilgesh01;Shai Gilgeous-Alexander;Did Not Dress
