dateId;teamId;order;playerId;Starters;MP;FG;FGA;FG%;3P;3PA;3P%;FT;FTA;FT%;ORB;DRB;TRB;AST;STL;BLK;TOV;PF;PTS;+/-
21/11/2022;ORL;0;bambamo01;Mo Bamba;32:55;5;6;.833;2;3;.667;3;3;1.000;0;4;4;1;0;0;2;2;15;-7
21/11/2022;ORL;1;wagnefr01;Franz Wagner;30:33;6;11;.545;0;1;.000;8;10;.800;0;6;6;3;1;0;3;5;20;-16
21/11/2022;ORL;2;bolbo01;Bol Bol;27:12;4;11;.364;0;1;.000;1;2;.500;1;8;9;2;0;0;4;2;9;-14
21/11/2022;ORL;3;suggsja01;Jalen Suggs;23:54;5;13;.385;1;4;.250;1;2;.500;1;1;2;4;4;0;2;1;12;-13
21/11/2022;ORL;4;okekech01;Chuma Okeke;12:06;0;3;.000;0;3;.000;0;0;;0;0;0;0;0;0;0;1;0;-9
21/11/2022;ORL;5;Reserves;Reserves
21/11/2022;ORL;6;harriga01;Gary Harris;22:31;6;11;.545;3;6;.500;3;3;1.000;1;2;3;0;0;0;1;5;18;-9
21/11/2022;ORL;7;rosste01;Terrence Ross;21:51;2;7;.286;2;5;.400;0;0;;0;2;2;2;3;1;1;0;6;-8
21/11/2022;ORL;8;schofad01;Admiral Schofield;21:17;4;11;.364;2;7;.286;0;0;;3;0;3;1;0;0;0;4;10;-7
21/11/2022;ORL;9;hamptrj01;R.J. Hampton;21:12;2;7;.286;0;3;.000;2;3;.667;1;1;2;5;1;0;1;1;6;-11
21/11/2022;ORL;10;harrike01;Kevon Harris;13:52;1;4;.250;0;1;.000;0;0;;4;2;6;1;1;1;2;1;2;-2
21/11/2022;ORL;11;houstca01;Caleb Houstan;12:37;1;1;1.000;1;1;1.000;1;2;.500;1;0;1;1;0;0;1;3;4;-9
21/11/2022;ORL;0;nesmiaa01;Aaron Nesmith;30:53;3;7;.429;2;6;.333;1;1;1.000;0;8;8;2;1;0;4;4;9;+14
21/11/2022;ORL;1;halibty01;Tyrese Haliburton;27:25;7;12;.583;1;5;.200;3;3;1.000;0;4;4;14;0;0;7;0;18;+13
21/11/2022;ORL;2;turnemy01;Myles Turner;26:25;3;9;.333;0;3;.000;4;4;1.000;0;5;5;1;1;3;1;3;10;+18
21/11/2022;ORL;3;hieldbu01;Buddy Hield;21:49;3;13;.231;1;10;.100;2;2;1.000;1;4;5;0;1;0;2;1;9;+3
21/11/2022;ORL;4;smithja04;Jalen Smith;17:40;3;8;.375;0;4;.000;0;0;;2;2;4;1;0;1;0;1;6;+4
21/11/2022;ORL;5;Reserves;Reserves
21/11/2022;ORL;6;mccontj01;T.J. McConnell;31:37;7;8;.875;3;4;.750;2;2;1.000;1;4;5;10;3;0;3;2;19;+22
21/11/2022;ORL;7;brissos01;Oshae Brissett;26:43;5;9;.556;4;7;.571;4;5;.800;1;2;3;1;2;0;0;1;18;+19
21/11/2022;ORL;8;mathube01;Bennedict Mathurin;26:31;6;13;.462;2;6;.333;8;10;.800;3;2;5;1;0;0;3;3;22;+13
21/11/2022;ORL;9;jacksis01;Isaiah Jackson;21:35;5;5;1.000;0;0;;0;0;;4;4;8;1;1;1;0;5;10;+3
21/11/2022;ORL;10;taylote01;Terry Taylor;4:48;1;1;1.000;0;0;;0;0;;0;0;0;1;0;0;0;1;2;-2
21/11/2022;ORL;11;bitadgo01;Goga Bitadze;4:34;0;1;.000;0;1;.000;0;0;;0;1;1;0;0;0;1;2;0;-2
21/11/2022;ORL;12;johnsja01;James Johnson;Did Not Play
21/11/2022;ORL;13;nembhan01;Andrew Nembhard;Did Not Dress
