dateId;teamId;order;playerId;Starters;MP;FG;FGA;FG%;3P;3PA;3P%;FT;FTA;FT%;ORB;DRB;TRB;AST;STL;BLK;TOV;PF;PTS;+/-
23/11/2022;LAC;0;coffeam01;Amir Coffey;35:55;5;7;.714;0;1;.000;3;4;.750;1;2;3;7;0;0;2;2;13;-5
23/11/2022;LAC;1;mannte01;Terance Mann;33:02;7;11;.636;3;3;1.000;0;0;;2;3;5;2;1;0;2;1;17;-3
23/11/2022;LAC;2;morrima03;Marcus Morris;28:28;6;15;.400;3;6;.500;4;5;.800;1;4;5;0;2;0;0;2;19;-10
23/11/2022;LAC;3;zubaciv01;Ivica Zubac;25:57;4;5;.800;0;0;;0;0;;2;2;4;1;0;1;1;1;8;-8
23/11/2022;LAC;4;jacksre01;Reggie Jackson;22:26;4;9;.444;1;3;.333;2;2;1.000;0;1;1;6;1;0;5;4;11;-8
23/11/2022;LAC;5;Reserves;Reserves
23/11/2022;LAC;6;powelno01;Norman Powell;29:11;6;14;.429;3;7;.429;2;2;1.000;1;6;7;2;0;1;2;2;17;-14
23/11/2022;LAC;7;covinro01;Robert Covington;21:13;1;7;.143;1;4;.250;0;0;;0;6;6;1;0;0;1;0;3;0
23/11/2022;LAC;8;walljo01;John Wall;20:38;2;7;.286;0;3;.000;5;8;.625;0;4;4;3;0;0;3;0;9;-25
23/11/2022;LAC;9;brownmo01;Moses Brown;12:21;4;7;.571;0;0;;2;6;.333;3;3;6;0;0;0;0;1;10;+4
23/11/2022;LAC;10;batumni01;Nicolas Batum;10:49;0;4;.000;0;2;.000;0;0;;0;2;2;0;1;0;0;0;0;-16
23/11/2022;LAC;11;kennalu01;Luke Kennard;Did Not Play
23/11/2022;LAC;0;greendr01;Draymond Green;33:00;4;4;1.000;1;1;1.000;0;0;;1;6;7;12;2;0;3;3;9;+21
23/11/2022;LAC;1;wiggian01;Andrew Wiggins;32:04;12;18;.667;6;10;.600;1;1;1.000;1;3;4;2;3;1;0;3;31;+28
23/11/2022;LAC;2;curryst01;Stephen Curry;31:41;9;20;.450;4;10;.400;0;0;;1;5;6;9;0;0;1;0;22;+18
23/11/2022;LAC;3;thompkl01;Klay Thompson;27:13;5;10;.500;3;7;.429;5;6;.833;0;0;0;0;2;0;4;1;18;+11
23/11/2022;LAC;4;looneke01;Kevon Looney;16:31;4;4;1.000;0;0;;1;3;.333;0;3;3;2;2;2;0;5;9;+7
23/11/2022;LAC;5;Reserves;Reserves
23/11/2022;LAC;6;poolejo01;Jordan Poole;21:38;3;15;.200;0;8;.000;2;3;.667;0;1;1;5;0;1;2;3;8;+19
23/11/2022;LAC;7;lamban01;Anthony Lamb;21:00;3;4;.750;1;1;1.000;0;0;;1;6;7;2;0;0;1;4;7;+14
23/11/2022;LAC;8;divindo01;Donte DiVincenzo;17:23;2;3;.667;2;3;.667;0;0;;1;4;5;1;1;0;0;2;6;+6
23/11/2022;LAC;9;kuminjo01;Jonathan Kuminga;13:46;3;7;.429;0;3;.000;0;0;;3;1;4;2;1;1;1;2;6;-7
23/11/2022;LAC;10;greenja01;JaMychal Green;11:48;2;5;.400;1;2;.500;0;0;;3;3;6;0;0;0;1;3;5;0
23/11/2022;LAC;11;moodymo01;Moses Moody;5:02;0;1;.000;0;1;.000;0;0;;0;0;0;0;0;0;0;0;0;-10
23/11/2022;LAC;12;rolliry01;Ryan Rollins;5:02;0;3;.000;0;2;.000;0;0;;1;0;1;1;0;0;0;0;0;-10
23/11/2022;LAC;13;baldwpa01;Patrick Baldwin Jr.;3:52;1;3;.333;1;3;.333;0;0;;0;1;1;0;0;0;0;0;3;-12
