dateId;teamId;order;playerId;Starters;MP;FG;FGA;FG%;3P;3PA;3P%;FT;FTA;FT%;ORB;DRB;TRB;AST;STL;BLK;TOV;PF;PTS;+/-
09/03/2023;GSW;0;curryst01;Stephen Curry;34:24;10;19;.526;4;8;.500;5;6;.833;3;4;7;4;1;0;4;3;29;+2
09/03/2023;GSW;1;poolejo01;Jordan Poole;34:10;5;10;.500;2;5;.400;10;10;1.000;1;2;3;4;1;0;4;1;22;-33
09/03/2023;GSW;2;greendr01;Draymond Green;30:13;5;9;.556;0;1;.000;6;6;1.000;1;4;5;7;3;0;5;1;16;-1
09/03/2023;GSW;3;thompkl01;Klay Thompson;27:46;6;14;.429;2;7;.286;0;0;;1;3;4;1;1;0;1;3;14;-19
09/03/2023;GSW;4;divindo01;Donte DiVincenzo;21:24;1;5;.200;0;4;.000;0;0;;1;1;2;1;0;0;1;1;2;-25
09/03/2023;GSW;5;Reserves;Reserves
09/03/2023;GSW;6;jeromty01;Ty Jerome;23:14;3;4;.750;3;4;.750;2;2;1.000;0;2;2;3;1;0;1;1;11;-10
09/03/2023;GSW;7;looneke01;Kevon Looney;18:59;1;2;.500;0;0;;0;0;;1;6;7;1;0;1;0;2;2;-4
09/03/2023;GSW;8;greenja01;JaMychal Green;17:52;3;8;.375;3;7;.429;0;0;;0;0;0;0;0;0;0;1;9;-17
09/03/2023;GSW;9;iguodan01;Andre Iguodala;17:39;0;3;.000;0;3;.000;0;0;;0;1;1;4;2;0;0;1;0;+4
09/03/2023;GSW;10;baldwpa01;Patrick Baldwin Jr.;14:19;2;8;.250;1;6;.167;0;0;;0;1;1;0;0;2;1;3;5;-2
09/03/2023;GSW;11;rolliry01;Ryan Rollins;Did Not Dress
09/03/2023;GSW;0;brookdi01;Dillon Brooks;34:30;6;15;.400;1;7;.143;1;1;1.000;1;3;4;6;1;1;0;3;14;+22
09/03/2023;GSW;1;jonesty01;Tyus Jones;33:12;8;17;.471;3;9;.333;3;4;.750;0;4;4;11;3;0;3;1;22;+20
09/03/2023;GSW;2;jacksja02;Jaren Jackson Jr.;32:16;6;13;.462;3;4;.750;6;7;.857;2;7;9;3;1;1;2;4;21;+27
09/03/2023;GSW;3;banede01;Desmond Bane;31:50;9;16;.563;2;5;.400;1;2;.500;0;2;2;6;0;0;0;2;21;+19
09/03/2023;GSW;4;tillmxa01;Xavier Tillman Sr.;22:15;5;7;.714;0;0;;0;0;;1;7;8;2;1;0;2;4;10;+9
09/03/2023;GSW;5;Reserves;Reserves
09/03/2023;GSW;6;aldamsa01;Santi Aldama;29:33;5;9;.556;3;5;.600;2;2;1.000;2;5;7;1;0;0;1;0;15;+16
09/03/2023;GSW;7;konchjo01;John Konchar;22:12;3;5;.600;2;3;.667;0;0;;1;1;2;3;0;0;1;3;8;+10
09/03/2023;GSW;8;kennalu01;Luke Kennard;17:21;2;3;.667;2;3;.667;0;0;;0;1;1;2;0;0;0;0;6;-2
09/03/2023;GSW;9;roddyda01;David Roddy;6:43;3;5;.600;0;2;.000;0;2;.000;0;3;3;1;0;1;0;0;6;-11
09/03/2023;GSW;10;willizi02;Ziaire Williams;6:42;2;2;1.000;1;1;1.000;0;0;;2;0;2;0;0;0;3;0;5;-11
09/03/2023;GSW;11;loftoke01;Kenneth Lofton Jr.;1:43;1;1;1.000;1;1;1.000;0;0;;0;0;0;1;0;0;0;1;3;+3
09/03/2023;GSW;12;chandke01;Kennedy Chandler;1:43;0;0;;0;0;;0;0;;0;0;0;0;0;0;0;0;0;+3
