dateId;teamId;order;playerId;Starters;MP;FG;FGA;FG%;3P;3PA;3P%;FT;FTA;FT%;ORB;DRB;TRB;AST;STL;BLK;TOV;PF;PTS;+/-
06/04/2023;OKC;0;gilgesh01;Shai Gilgeous-Alexander;37:43;7;19;.368;1;5;.200;7;10;.700;2;5;7;7;1;0;1;3;22;+7
06/04/2023;OKC;1;giddejo01;Josh Giddey;35:42;6;14;.429;2;5;.400;3;4;.750;1;7;8;8;3;0;4;3;17;+14
06/04/2023;OKC;2;willija06;Jalen Williams;28:03;4;10;.400;1;4;.250;0;0;;0;1;1;5;0;0;2;3;9;+11
06/04/2023;OKC;3;willija07;Jaylin Williams;22:40;4;8;.500;3;5;.600;0;0;;2;4;6;2;1;0;1;2;11;-2
06/04/2023;OKC;4;dortlu01;Luguentz Dort;19:03;1;7;.143;0;3;.000;3;4;.750;6;2;8;0;0;0;2;1;5;-4
06/04/2023;OKC;5;Reserves;Reserves
06/04/2023;OKC;6;wiggiaa01;Aaron Wiggins;28:24;5;9;.556;1;4;.250;4;4;1.000;0;4;4;3;3;0;0;2;15;+19
06/04/2023;OKC;7;saricda01;Dario Šarić;23:15;5;10;.500;2;4;.500;2;2;1.000;3;7;10;1;1;2;0;1;14;+20
06/04/2023;OKC;8;joeis01;Isaiah Joe;21:16;3;11;.273;3;9;.333;2;2;1.000;0;3;3;3;2;0;2;1;11;+9
06/04/2023;OKC;9;waterli01;Lindy Waters III;15:54;4;7;.571;2;5;.400;0;0;;3;0;3;0;1;0;0;1;10;+16
06/04/2023;OKC;10;butleja02;Jared Butler;1:36;0;0;;0;0;;0;0;;0;0;0;0;0;0;0;0;0;-2
06/04/2023;OKC;11;diengou01;Ousmane Dieng;1:36;0;2;.000;0;1;.000;0;0;;0;0;0;0;0;0;0;0;0;-2
06/04/2023;OKC;12;manntr01;Tre Mann;1:36;0;0;;0;0;;0;0;;0;0;0;0;0;0;0;0;0;-2
06/04/2023;OKC;13;robinje02;Jeremiah Robinson-Earl;1:36;0;0;;0;0;;0;0;;0;0;0;0;0;0;0;0;0;-2
06/04/2023;OKC;14;sarrol01;Olivier Sarr;1:36;0;0;;0;0;;0;0;;0;0;0;0;0;0;0;0;0;-2
06/04/2023;OKC;0;dunnkr01;Kris Dunn;34:40;9;10;.900;2;2;1.000;2;2;1.000;0;7;7;8;1;0;3;4;22;+1
06/04/2023;OKC;1;olynyke01;Kelly Olynyk;32:24;6;10;.600;0;2;.000;4;6;.667;2;12;14;8;1;0;7;2;16;-9
06/04/2023;OKC;2;agbajoc01;Ochai Agbaji;30:39;6;18;.333;0;8;.000;1;2;.500;0;1;1;0;0;0;1;5;13;-7
06/04/2023;OKC;3;samanlu01;Luka Šamanić;30:34;3;8;.375;1;5;.200;1;2;.500;0;3;3;4;0;0;0;4;8;+4
06/04/2023;OKC;4;azubuud01;Udoka Azubuike;25:07;6;8;.750;0;0;;0;0;;2;5;7;0;0;1;1;1;12;-14
06/04/2023;OKC;5;Reserves;Reserves
06/04/2023;OKC;6;fontesi01;Simone Fontecchio;25:15;4;11;.364;1;6;.167;2;2;1.000;2;1;3;0;1;0;3;1;11;-13
06/04/2023;OKC;7;jonesda03;Damian Jones;21:17;2;3;.667;0;0;;0;0;;0;2;2;0;1;1;2;3;4;-4
06/04/2023;OKC;8;toscaju01;Juan Toscano-Anderson;20:08;2;9;.222;0;5;.000;1;2;.500;0;2;2;3;0;0;1;2;5;-19
06/04/2023;OKC;9;juzanjo01;Johnny Juzang;15:31;3;6;.500;1;3;.333;0;0;;1;2;3;1;1;0;1;1;7;-21
06/04/2023;OKC;10;pottemi01;Micah Potter;4:25;0;0;;0;0;;0;0;;0;3;3;0;0;0;0;0;0;+2
06/04/2023;OKC;11;sextoco01;Collin Sexton;Did Not Dress
