dateId;teamId;order;playerId;Starters;MP;FG;FGA;FG%;3P;3PA;3P%;FT;FTA;FT%;ORB;DRB;TRB;AST;STL;BLK;TOV;PF;PTS;+/-
25/10/2022;DET;0;cunnica01;Cade Cunningham;32:01;7;19;.368;0;2;.000;5;6;.833;0;3;3;3;1;0;3;3;19;-18
25/10/2022;DET;1;bogdabo02;Bojan Bogdanović;29:18;8;13;.615;4;7;.571;5;5;1.000;1;2;3;1;0;0;2;2;25;-11
25/10/2022;DET;2;iveyja01;Jaden Ivey;28:50;4;10;.400;1;3;.333;2;4;.500;0;2;2;4;2;0;0;5;11;-18
25/10/2022;DET;3;stewais01;Isaiah Stewart;27:15;5;11;.455;1;4;.250;2;2;1.000;1;9;10;1;0;0;0;2;13;-13
25/10/2022;DET;4;beysa01;Saddiq Bey;27:03;2;5;.400;1;3;.333;1;1;1.000;2;0;2;1;0;1;1;2;6;-24
25/10/2022;DET;5;Reserves;Reserves
25/10/2022;DET;6;durenja01;Jalen Duren;23:03;3;6;.500;0;0;;0;1;.000;4;4;8;0;0;0;0;2;6;-9
25/10/2022;DET;7;liveris01;Isaiah Livers;20:28;1;6;.167;0;5;.000;3;3;1.000;1;2;3;1;0;0;1;3;5;-4
25/10/2022;DET;8;diallha01;Hamidou Diallo;17:26;3;5;.600;0;0;;1;3;.333;2;5;7;0;0;0;0;3;7;0
25/10/2022;DET;9;hayeski01;Killian Hayes;16:57;0;6;.000;0;1;.000;0;0;;0;2;2;0;0;0;4;1;0;-3
25/10/2022;DET;10;josepco01;Cory Joseph;14:20;2;5;.400;1;2;.500;0;0;;0;1;1;1;2;0;2;0;5;0
25/10/2022;DET;11;knoxke01;Kevin Knox;3:19;1;2;.500;0;1;.000;0;0;;0;0;0;0;1;0;0;3;2;-5
25/10/2022;DET;12;mcgruro01;Rodney McGruder;Did Not Play
25/10/2022;DET;13;noelne01;Nerlens Noel;Did Not Play
25/10/2022;DET;0;morrimo01;Monte Morris;29:38;3;8;.375;1;4;.250;2;4;.500;1;5;6;6;0;0;0;3;9;+19
25/10/2022;DET;1;kuzmaky01;Kyle Kuzma;27:24;9;17;.529;0;5;.000;7;8;.875;0;6;6;1;0;1;3;4;25;+23
25/10/2022;DET;2;avdijde01;Deni Avdija;26:50;3;6;.500;1;3;.333;2;2;1.000;0;7;7;2;1;2;0;3;9;+12
25/10/2022;DET;3;porzikr01;Kristaps Porziņģis;25:18;8;13;.615;2;4;.500;2;2;1.000;4;3;7;2;0;0;3;5;20;+1
25/10/2022;DET;4;bealbr01;Bradley Beal;21:49;4;9;.444;1;4;.250;4;4;1.000;1;3;4;6;0;0;2;2;13;+5
25/10/2022;DET;5;Reserves;Reserves
25/10/2022;DET;6;bartowi01;Will Barton;29:10;6;9;.667;4;6;.667;0;0;;0;2;2;4;2;1;1;2;16;+18
25/10/2022;DET;7;hachiru01;Rui Hachimura;26:48;4;8;.500;0;1;.000;2;2;1.000;0;4;4;1;0;0;1;0;10;-5
25/10/2022;DET;8;gaffoda01;Daniel Gafford;19:48;4;6;.667;0;0;;1;2;.500;1;4;5;1;0;2;0;2;9;+19
25/10/2022;DET;9;wrighde01;Delon Wright;16:04;2;4;.500;1;3;.333;0;0;;1;1;2;3;4;1;0;0;5;+2
25/10/2022;DET;10;gillan01;Anthony Gill;6:31;0;1;.000;0;1;.000;2;2;1.000;0;0;0;0;0;0;0;0;2;+7
25/10/2022;DET;11;davisjo06;Johnny Davis;2:54;0;2;.000;0;1;.000;0;0;;0;1;1;0;0;0;0;0;0;+1
25/10/2022;DET;12;gibsota01;Taj Gibson;2:54;0;1;.000;0;1;.000;0;0;;0;0;0;0;0;0;0;0;0;+1
25/10/2022;DET;13;toddis01;Isaiah Todd;2:34;0;0;;0;0;;0;0;;0;0;0;0;0;0;0;0;0;+2
25/10/2022;DET;14;goodwjo01;Jordan Goodwin;2:18;1;1;1.000;0;0;;0;0;;1;2;3;0;0;0;1;0;2;0
25/10/2022;DET;15;careyve01;Vernon Carey Jr.;Did Not Play
