dateId;teamId;order;playerId;Starters;MP;FG;FGA;FG%;3P;3PA;3P%;FT;FTA;FT%;ORB;DRB;TRB;AST;STL;BLK;TOV;PF;PTS;+/-
12/12/2022;ATL;0;forretr01;Trent Forrest;29:26;2;9;.222;0;0;;0;0;;1;2;3;4;2;0;3;2;4;-27
12/12/2022;ATL;1;johnsja05;Jalen Johnson;28:48;4;9;.444;2;5;.400;4;5;.800;3;6;9;3;1;0;4;1;14;-24
12/12/2022;ATL;2;okongon01;Onyeka Okongwu;28:28;2;8;.250;0;0;;2;4;.500;7;3;10;1;2;1;2;4;6;-19
12/12/2022;ATL;3;griffaj01;AJ Griffin;24:40;5;12;.417;2;5;.400;1;2;.500;2;1;3;1;1;0;2;1;13;-19
12/12/2022;ATL;4;huntede01;De'Andre Hunter;20:30;7;16;.438;2;5;.400;3;3;1.000;1;0;1;0;1;0;3;0;19;-20
12/12/2022;ATL;5;Reserves;Reserves
12/12/2022;ATL;6;holidaa01;Aaron Holiday;29:09;5;13;.385;1;4;.250;4;4;1.000;2;1;3;6;4;0;0;4;15;0
12/12/2022;ATL;7;kaminfr01;Frank Kaminsky;19:32;4;9;.444;3;7;.429;2;2;1.000;1;2;3;2;1;0;1;1;13;-6
12/12/2022;ATL;8;holidju01;Justin Holiday;18:55;2;7;.286;2;6;.333;0;0;;0;0;0;1;0;0;0;1;6;+2
12/12/2022;ATL;9;krejcvi01;Vit Krejci;15:55;2;5;.400;0;1;.000;0;0;;1;2;3;1;1;0;0;2;4;0
12/12/2022;ATL;10;culveja01;Jarrett Culver;12:37;3;9;.333;0;2;.000;1;2;.500;2;2;4;1;0;0;0;1;7;-13
12/12/2022;ATL;11;martity01;Tyrese Martin;12:00;1;7;.143;0;2;.000;0;0;;0;0;0;0;0;0;0;0;2;+1
12/12/2022;ATL;12;capelca01;Clint Capela;Did Not Dress
12/12/2022;ATL;0;brookdi01;Dillon Brooks;29:24;6;11;.545;5;7;.714;1;1;1.000;0;5;5;4;0;0;6;3;18;+35
12/12/2022;ATL;1;jonesty01;Tyus Jones;25:10;8;14;.571;4;7;.571;2;3;.667;0;1;1;11;3;0;3;0;22;+21
12/12/2022;ATL;2;konchjo01;John Konchar;23:53;4;5;.800;1;1;1.000;0;0;;1;6;7;5;1;0;0;2;9;+22
12/12/2022;ATL;3;jacksja02;Jaren Jackson Jr.;23:36;6;11;.545;1;4;.250;2;2;1.000;0;7;7;2;0;8;2;2;15;+25
12/12/2022;ATL;4;clarkbr01;Brandon Clarke;23:16;5;5;1.000;0;0;;1;2;.500;1;5;6;2;1;1;2;4;11;+25
12/12/2022;ATL;5;Reserves;Reserves
12/12/2022;ATL;6;chandke01;Kennedy Chandler;22:50;4;5;.800;0;1;.000;0;0;;0;6;6;7;1;1;4;0;8;+4
12/12/2022;ATL;7;roddyda01;David Roddy;21:48;5;9;.556;0;3;.000;1;1;1.000;0;3;3;0;0;0;1;2;11;-4
12/12/2022;ATL;8;willizi02;Ziaire Williams;20:55;1;7;.143;0;4;.000;2;2;1.000;0;3;3;2;1;1;3;1;4;-3
12/12/2022;ATL;9;aldamsa01;Santi Aldama;20:37;4;8;.500;2;5;.400;6;7;.857;0;5;5;2;0;0;1;1;16;+5
12/12/2022;ATL;10;tillmxa01;Xavier Tillman Sr.;20:17;5;6;.833;0;0;;0;0;;2;2;4;0;1;1;0;2;10;+5
12/12/2022;ATL;11;loftoke01;Kenneth Lofton Jr.;4:07;2;2;1.000;0;0;;0;0;;0;1;1;1;0;0;0;0;4;-5
12/12/2022;ATL;12;laravja01;Jake LaRavia;4:07;0;0;;0;0;;0;0;;1;0;1;0;0;0;0;0;0;-5
