dateId;teamId;order;playerId;Starters;MP;FG;FGA;FG%;3P;3PA;3P%;FT;FTA;FT%;ORB;DRB;TRB;AST;STL;BLK;TOV;PF;PTS;+/-
26/12/2022;IND;0;halibty01;Tyrese Haliburton;31:01;4;12;.333;1;5;.200;3;3;1.000;0;1;1;6;2;1;3;1;12;-19
26/12/2022;IND;1;turnemy01;Myles Turner;25:28;5;8;.625;2;5;.400;2;4;.500;0;8;8;0;1;2;1;2;14;-4
26/12/2022;IND;2;hieldbu01;Buddy Hield;23:05;4;10;.400;4;7;.571;0;0;;0;3;3;1;1;0;0;0;12;-10
26/12/2022;IND;3;nembhan01;Andrew Nembhard;22:25;2;4;.500;1;2;.500;0;0;;0;5;5;2;1;0;3;2;5;-8
26/12/2022;IND;4;nesmiaa01;Aaron Nesmith;22:10;5;12;.417;0;4;.000;0;0;;2;3;5;2;0;0;1;1;10;+3
26/12/2022;IND;5;Reserves;Reserves
26/12/2022;IND;6;mathube01;Bennedict Mathurin;22:25;4;11;.364;1;5;.200;6;6;1.000;0;1;1;2;1;0;1;3;15;-13
26/12/2022;IND;7;duartch01;Chris Duarte;21:35;2;9;.222;0;4;.000;0;0;;1;1;2;3;1;0;2;1;4;-17
26/12/2022;IND;8;mccontj01;T.J. McConnell;14:37;1;1;1.000;0;0;;0;1;.000;0;4;4;6;1;0;1;1;2;-11
26/12/2022;IND;9;jacksis01;Isaiah Jackson;14:32;2;2;1.000;0;0;;3;4;.750;0;1;1;1;0;1;1;2;7;-14
26/12/2022;IND;10;brissos01;Oshae Brissett;12:04;1;4;.250;0;2;.000;0;2;.000;0;3;3;0;1;0;0;0;2;-1
26/12/2022;IND;11;bitadgo01;Goga Bitadze;10:56;2;2;1.000;0;0;;0;0;;1;0;1;0;0;0;0;2;4;+8
26/12/2022;IND;12;taylote01;Terry Taylor;6:36;2;2;1.000;0;0;;0;0;;2;0;2;0;0;0;0;0;4;+4
26/12/2022;IND;13;johnsja01;James Johnson;6:36;1;3;.333;0;0;;0;0;;0;0;0;0;0;1;0;1;2;+4
26/12/2022;IND;14;smithja04;Jalen Smith;6:30;0;3;.000;0;1;.000;0;0;;0;0;0;0;0;0;0;2;0;-22
26/12/2022;IND;0;hayesja02;Jaxson Hayes;31:01;5;7;.714;0;2;.000;5;6;.833;1;8;9;2;0;3;0;0;15;-6
26/12/2022;IND;1;mccolcj01;CJ McCollum;29:53;5;14;.357;3;7;.429;6;7;.857;1;6;7;6;2;0;5;1;19;+1
26/12/2022;IND;2;alvarjo01;Jose Alvarado;29:38;3;11;.273;1;8;.125;1;2;.500;2;2;4;3;3;0;3;1;8;0
26/12/2022;IND;3;marshna01;Naji Marshall;29:05;8;14;.571;4;9;.444;2;2;1.000;0;6;6;4;0;1;2;4;22;+22
26/12/2022;IND;4;valanjo01;Jonas Valančiūnas;28:40;10;18;.556;0;3;.000;0;0;;6;6;12;5;1;1;3;3;20;+4
26/12/2022;IND;5;Reserves;Reserves
26/12/2022;IND;6;grahade01;Devonte' Graham;19:55;3;8;.375;3;7;.429;2;2;1.000;1;2;3;4;0;0;0;0;11;+31
26/12/2022;IND;7;templga01;Garrett Temple;18:55;0;2;.000;0;2;.000;0;0;;0;1;1;1;2;0;0;3;0;-2
26/12/2022;IND;8;nancela02;Larry Nance Jr.;18:33;2;4;.500;0;0;;0;0;;2;2;4;2;1;0;0;1;4;+25
26/12/2022;IND;9;hernawi01;Willy Hernangómez;17:46;2;5;.400;0;0;;3;5;.600;3;4;7;2;0;1;1;3;7;+17
26/12/2022;IND;10;lewiski01;Kira Lewis Jr.;16:34;3;7;.429;1;2;.500;0;0;;0;1;1;1;1;0;0;3;7;+8
26/12/2022;IND;11;daniedy01;Dyson Daniels;Not With Team
