dateId;teamId;order;playerId;Starters;MP;FG;FGA;FG%;3P;3PA;3P%;FT;FTA;FT%;ORB;DRB;TRB;AST;STL;BLK;TOV;PF;PTS;+/-
08/02/2023;MIN;0;edwaran01;Anthony Edwards;33:07;13;27;.481;4;9;.444;1;1;1.000;0;7;7;8;1;0;1;1;31;+19
08/02/2023;MIN;1;nowelja01;Jaylen Nowell;29:01;11;16;.688;6;9;.667;2;2;1.000;1;3;4;6;2;0;0;1;30;+38
08/02/2023;MIN;2;princta02;Taurean Prince;28:44;5;6;.833;2;3;.667;0;0;;1;4;5;7;1;2;3;3;12;+19
08/02/2023;MIN;3;mcdanja02;Jaden McDaniels;24:41;5;7;.714;2;4;.500;2;2;1.000;0;4;4;4;0;1;2;4;14;+20
08/02/2023;MIN;4;reidna01;Naz Reid;21:58;3;8;.375;2;4;.500;0;0;;2;5;7;3;0;0;2;3;8;+14
08/02/2023;MIN;5;Reserves;Reserves
08/02/2023;MIN;6;minotjo01;Josh Minott;29:01;6;12;.500;0;2;.000;0;0;;2;9;11;0;1;2;0;4;12;+9
08/02/2023;MIN;7;garzalu01;Luka Garza;23:30;9;13;.692;4;5;.800;3;3;1.000;1;2;3;3;0;0;1;2;25;+12
08/02/2023;MIN;8;mclaujo01;Jordan McLaughlin;15:44;1;3;.333;0;1;.000;0;0;;1;1;2;1;1;0;0;0;2;+4
08/02/2023;MIN;9;forbebr01;Bryn Forbes;13:44;3;5;.600;3;5;.600;0;0;;0;2;2;2;0;1;1;1;9;-6
08/02/2023;MIN;10;knighna01;Nathan Knight;11:42;0;1;.000;0;1;.000;0;0;;0;2;2;1;0;0;0;0;0;+6
08/02/2023;MIN;11;moorewe01;Wendell Moore Jr.;4:24;0;0;;0;0;;0;0;;0;0;0;0;0;0;0;0;0;-5
08/02/2023;MIN;12;ryanma01;Matt Ryan;4:24;0;0;;0;0;;0;0;;0;0;0;0;0;0;0;0;0;-5
08/02/2023;MIN;13;goberru01;Rudy Gobert;Did Not Play
08/02/2023;MIN;14;riverau01;Austin Rivers;Player Suspended
08/02/2023;MIN;0;sextoco01;Collin Sexton;31:16;6;10;.600;4;5;.800;6;8;.750;2;3;5;5;0;0;0;0;22;-23
08/02/2023;MIN;1;kesslwa01;Walker Kessler;30:10;6;10;.600;0;0;;4;5;.800;4;5;9;1;1;3;0;0;16;-19
08/02/2023;MIN;2;clarkjo01;Jordan Clarkson;24:11;3;13;.231;1;5;.200;1;1;1.000;2;4;6;6;1;1;1;1;8;-9
08/02/2023;MIN;3;markkla01;Lauri Markkanen;23:24;8;16;.500;3;7;.429;2;2;1.000;1;4;5;3;0;0;2;2;21;-32
08/02/2023;MIN;4;olynyke01;Kelly Olynyk;21:34;6;14;.429;2;5;.400;0;0;;3;3;6;1;0;0;1;2;14;-11
08/02/2023;MIN;5;Reserves;Reserves
08/02/2023;MIN;6;hortota01;Talen Horton-Tucker;24:25;6;12;.500;0;0;;3;3;1.000;1;0;1;6;0;1;1;2;15;-17
08/02/2023;MIN;7;agbajoc01;Ochai Agbaji;24:20;0;4;.000;0;2;.000;0;0;;2;2;4;1;0;0;0;1;0;0
08/02/2023;MIN;8;fontesi01;Simone Fontecchio;23:37;4;11;.364;1;7;.143;0;0;;1;0;1;2;0;0;1;0;9;-4
08/02/2023;MIN;9;gayru01;Rudy Gay;18:12;3;12;.250;1;3;.333;2;2;1.000;4;2;6;2;0;0;1;1;9;-9
08/02/2023;MIN;10;azubuud01;Udoka Azubuike;15:07;2;2;1.000;0;0;;0;0;;0;5;5;0;0;0;1;1;4;-4
08/02/2023;MIN;11;bolmale01;Leandro Bolmaro;3:44;0;1;.000;0;0;;0;0;;1;1;2;0;0;0;0;2;0;+3
