dateId;teamId;order;playerId;Starters;MP;FG;FGA;FG%;3P;3PA;3P%;FT;FTA;FT%;ORB;DRB;TRB;AST;STL;BLK;TOV;PF;PTS;+/-
25/11/2022;DEN;0;murraja01;Jamal Murray;33:36;9;21;.429;3;9;.333;0;0;;1;5;6;9;1;0;1;2;21;+22
25/11/2022;DEN;1;jokicni01;Nikola Jokić;32:24;7;13;.538;0;1;.000;5;7;.714;2;11;13;6;2;1;2;3;19;+19
25/11/2022;DEN;2;brownbr01;Bruce Brown;31:17;4;7;.571;0;2;.000;0;0;;0;4;4;4;1;0;1;5;8;+12
25/11/2022;DEN;3;caldwke01;Kentavious Caldwell-Pope;30:50;2;4;.500;1;2;.500;1;2;.500;0;0;0;1;1;0;0;1;6;+23
25/11/2022;DEN;4;gordoaa01;Aaron Gordon;27:59;12;16;.750;2;4;.500;3;4;.750;5;2;7;3;2;2;1;4;29;+13
25/11/2022;DEN;5;Reserves;Reserves
25/11/2022;DEN;6;cancavl01;Vlatko Čančar;24:41;4;9;.444;2;4;.500;3;4;.750;0;0;0;2;1;1;1;3;13;+10
25/11/2022;DEN;7;reedda01;Davon Reed;19:35;2;7;.286;1;3;.333;2;2;1.000;1;3;4;0;0;0;0;3;7;+3
25/11/2022;DEN;8;nnajize01;Zeke Nnaji;15:36;2;5;.400;0;2;.000;2;2;1.000;1;1;2;0;0;0;0;1;6;-9
25/11/2022;DEN;9;smithis01;Ish Smith;13:24;2;5;.400;1;1;1.000;0;0;;0;1;1;2;0;1;0;1;5;-12
25/11/2022;DEN;10;braunch01;Christian Braun;6:36;0;0;;0;0;;0;2;.000;0;0;0;0;1;0;0;0;0;-13
25/11/2022;DEN;11;watsope01;Peyton Watson;2:01;0;0;;0;0;;0;0;;0;0;0;0;0;0;0;0;0;-9
25/11/2022;DEN;12;whiteja03;Jack White;2:01;0;2;.000;0;2;.000;0;0;;0;0;0;0;0;0;0;1;0;-9
25/11/2022;DEN;13;jordade01;DeAndre Jordan;Did Not Play
25/11/2022;DEN;0;jacksre01;Reggie Jackson;31:10;4;8;.500;1;2;.500;0;0;;0;5;5;8;0;0;4;1;9;-13
25/11/2022;DEN;1;mannte01;Terance Mann;30:17;7;11;.636;1;3;.333;1;1;1.000;0;4;4;5;0;0;1;3;16;0
25/11/2022;DEN;2;zubaciv01;Ivica Zubac;29:21;2;6;.333;0;0;;2;2;1.000;2;7;9;0;0;0;1;2;6;-22
25/11/2022;DEN;3;morrima03;Marcus Morris;26:54;7;12;.583;1;3;.333;0;2;.000;0;2;2;0;0;0;2;4;15;-18
25/11/2022;DEN;4;coffeam01;Amir Coffey;24:48;3;6;.500;2;4;.500;1;2;.500;1;1;2;3;0;0;1;2;9;-7
25/11/2022;DEN;5;Reserves;Reserves
25/11/2022;DEN;6;batumni01;Nicolas Batum;24:11;0;3;.000;0;3;.000;0;0;;1;2;3;0;0;2;0;2;0;+14
25/11/2022;DEN;7;walljo01;John Wall;23:52;8;10;.800;2;2;1.000;5;8;.625;0;0;0;2;1;0;1;4;23;-14
25/11/2022;DEN;8;powelno01;Norman Powell;23:47;3;8;.375;2;3;.667;3;6;.500;0;1;1;2;0;1;2;0;11;-2
25/11/2022;DEN;9;covinro01;Robert Covington;19:48;2;3;.667;2;2;1.000;6;7;.857;0;6;6;2;0;2;2;2;12;+3
25/11/2022;DEN;10;brownmo01;Moses Brown;5:52;1;1;1.000;0;0;;1;6;.167;0;1;1;0;0;0;0;0;3;+9
25/11/2022;DEN;11;kennalu01;Luke Kennard;Did Not Dress
