dateId;teamId;order;playerId;Starters;MP;FG;FGA;FG%;3P;3PA;3P%;FT;FTA;FT%;ORB;DRB;TRB;AST;STL;BLK;TOV;PF;PTS;+/-
21/04/2023;CLE;0;mitchdo01;Donovan Mitchell;37:57;9;19;.474;2;8;.250;2;3;.667;1;6;7;5;2;0;6;3;22;-19
21/04/2023;CLE;1;allenja01;Jarrett Allen;36:54;3;3;1.000;0;0;;0;2;.000;3;2;5;1;0;2;0;0;6;-26
21/04/2023;CLE;2;mobleev01;Evan Mobley;36:30;5;10;.500;0;1;.000;0;0;;4;6;10;1;0;1;3;3;10;-16
21/04/2023;CLE;3;leverca01;Caris LeVert;35:21;7;17;.412;3;11;.273;0;2;.000;1;3;4;3;0;0;1;3;17;-21
21/04/2023;CLE;4;garlada01;Darius Garland;32:44;4;21;.190;1;7;.143;1;2;.500;0;2;2;3;4;0;3;2;10;-21
21/04/2023;CLE;5;Reserves;Reserves
21/04/2023;CLE;6;osmande01;Cedi Osman;16:11;0;2;.000;0;2;.000;0;0;;0;2;2;0;1;0;0;1;0;-11
21/04/2023;CLE;7;okorois01;Isaac Okoro;12:17;2;2;1.000;1;1;1.000;2;2;1.000;0;2;2;0;0;0;2;1;7;-7
21/04/2023;CLE;8;greenda02;Danny Green;11:58;0;3;.000;0;2;.000;0;0;;2;0;2;1;0;1;0;1;0;-3
21/04/2023;CLE;9;rubiori01;Ricky Rubio;5:24;0;0;;0;0;;0;0;;1;1;2;1;0;0;2;2;0;0
21/04/2023;CLE;10;lopezro01;Robin Lopez;3:41;1;1;1.000;0;0;;2;2;1.000;1;0;1;0;0;0;1;2;4;+6
21/04/2023;CLE;11;stevela01;Lamar Stevens;3:41;0;1;.000;0;0;;2;2;1.000;0;3;3;0;0;0;0;0;2;+6
21/04/2023;CLE;12;netora01;Raul Neto;3:41;0;1;.000;0;1;.000;1;2;.500;0;0;0;1;0;0;2;0;1;+6
21/04/2023;CLE;13;wadede01;Dean Wade;3:41;0;0;;0;0;;0;0;;0;2;2;0;0;0;0;0;0;+6
21/04/2023;CLE;14;merrisa01;Sam Merrill;Did Not Play
21/04/2023;CLE;0;brunsja01;Jalen Brunson;37:55;10;18;.556;0;4;.000;1;1;1.000;0;4;4;6;2;0;3;2;21;+20
21/04/2023;CLE;1;randlju01;Julius Randle;32:56;3;15;.200;2;10;.200;3;4;.750;0;8;8;3;1;0;2;2;11;+19
21/04/2023;CLE;2;barrerj01;RJ Barrett;30:45;8;12;.667;3;6;.500;0;0;;2;6;8;3;1;0;2;4;19;+10
21/04/2023;CLE;3;robinmi01;Mitchell Robinson;30:25;3;5;.600;0;0;;1;4;.250;5;2;7;3;2;2;0;0;7;+19
21/04/2023;CLE;4;grimequ01;Quentin Grimes;13:26;1;5;.200;0;3;.000;0;0;;1;1;2;0;0;1;0;1;2;+9
21/04/2023;CLE;5;Reserves;Reserves
21/04/2023;CLE;6;hartjo01;Josh Hart;28:40;4;5;.800;2;2;1.000;3;4;.750;1;5;6;1;2;0;4;3;13;+13
21/04/2023;CLE;7;quickim01;Immanuel Quickley;23:09;4;6;.667;2;3;.667;1;2;.500;0;1;1;2;0;0;1;0;11;+27
21/04/2023;CLE;8;harteis01;Isaiah Hartenstein;17:35;3;5;.600;0;0;;1;2;.500;1;4;5;1;2;1;1;1;7;+1
21/04/2023;CLE;9;toppiob01;Obi Toppin;15:04;3;8;.375;1;4;.250;1;1;1.000;1;2;3;1;4;1;1;2;8;+1
21/04/2023;CLE;10;mcbrimi01;Miles McBride;3:54;0;0;;0;0;;0;0;;0;1;1;0;0;0;0;0;0;-6
21/04/2023;CLE;11;jeffrda01;DaQuan Jeffries;3:41;0;0;;0;0;;0;0;;0;0;0;0;0;0;0;2;0;-6
21/04/2023;CLE;12;rosede01;Derrick Rose;2:30;0;4;.000;0;1;.000;0;0;;0;0;0;1;0;0;0;0;0;-7
21/04/2023;CLE;13;fournev01;Evan Fournier;Did Not Play
