dateId;teamId;order;playerId;Starters;MP;FG;FGA;FG%;3P;3PA;3P%;FT;FTA;FT%;ORB;DRB;TRB;AST;STL;BLK;TOV;PF;PTS;+/-
22/12/2022;SAS;0;sochaje01;Jeremy Sochan;31:01;7;14;.500;2;4;.500;7;10;.700;6;3;9;6;1;0;2;1;23;-14
22/12/2022;SAS;1;vassede01;Devin Vassell;30:20;4;13;.308;1;6;.167;1;1;1.000;0;9;9;5;3;0;2;1;10;-18
22/12/2022;SAS;2;jonestr01;Tre Jones;27:44;7;12;.583;1;3;.333;4;4;1.000;0;2;2;3;0;0;2;2;19;0
22/12/2022;SAS;3;poeltja01;Jakob Poeltl;21:42;6;9;.667;0;0;;1;1;1.000;1;3;4;1;1;0;2;4;13;-4
22/12/2022;SAS;4;langfro01;Romeo Langford;18:06;1;1;1.000;0;0;;0;0;;1;1;2;0;1;0;2;5;2;-2
22/12/2022;SAS;5;Reserves;Reserves
22/12/2022;SAS;6;richajo01;Josh Richardson;21:20;5;11;.455;2;5;.400;2;3;.667;1;2;3;3;0;0;1;2;14;-2
22/12/2022;SAS;7;branhma01;Malaki Branham;21:10;4;6;.667;1;3;.333;0;0;;0;0;0;0;0;0;1;2;9;-6
22/12/2022;SAS;8;colliza01;Zach Collins;18:04;2;6;.333;0;0;;2;2;1.000;1;1;2;2;0;0;0;3;6;-13
22/12/2022;SAS;9;mcderdo01;Doug McDermott;16:55;2;8;.250;1;5;.200;0;0;;1;3;4;1;0;0;1;0;5;-10
22/12/2022;SAS;10;johnsst04;Stanley Johnson;12:37;4;5;.800;1;2;.500;3;4;.750;0;4;4;2;1;2;1;1;12;+13
22/12/2022;SAS;11;bateske01;Keita Bates-Diop;9:16;1;3;.333;0;0;;2;2;1.000;1;0;1;0;0;0;0;1;4;-1
22/12/2022;SAS;12;bassech01;Charles Bassey;8:14;0;2;.000;0;0;;0;0;;2;2;4;0;1;0;3;1;0;+8
22/12/2022;SAS;13;robyis01;Isaiah Roby;3:31;0;0;;0;0;;0;0;;0;0;0;0;0;0;0;1;0;+4
22/12/2022;SAS;14;dienggo01;Gorgui Dieng;Did Not Play
22/12/2022;SAS;0;mccolcj01;CJ McCollum;37:11;14;27;.519;7;14;.500;5;5;1.000;1;7;8;9;1;2;5;1;40;+23
22/12/2022;SAS;1;joneshe01;Herbert Jones;34:26;4;8;.500;2;4;.500;2;2;1.000;1;2;3;2;2;1;2;2;12;+16
22/12/2022;SAS;2;murphtr02;Trey Murphy III;27:47;5;8;.625;1;3;.333;4;5;.800;0;4;4;1;2;0;0;4;15;+7
22/12/2022;SAS;3;valanjo01;Jonas Valančiūnas;25:50;6;14;.429;0;2;.000;4;4;1.000;5;5;10;1;1;0;2;5;16;+10
22/12/2022;SAS;4;marshna01;Naji Marshall;24:46;3;6;.500;1;2;.500;0;0;;2;3;5;2;0;0;2;3;7;+3
22/12/2022;SAS;5;Reserves;Reserves
22/12/2022;SAS;6;alvarjo01;Jose Alvarado;24:55;4;11;.364;1;4;.250;0;0;;1;1;2;3;3;0;0;1;9;+10
22/12/2022;SAS;7;hernawi01;Willy Hernangómez;22:10;3;6;.500;0;1;.000;7;7;1.000;4;3;7;5;1;2;4;5;13;-1
22/12/2022;SAS;8;daniedy01;Dyson Daniels;19:40;1;4;.250;0;1;.000;0;0;;0;3;3;1;0;0;1;2;2;0
22/12/2022;SAS;9;hayesja02;Jaxson Hayes;12:26;3;4;.750;0;1;.000;0;0;;1;2;3;0;0;1;1;1;6;-9
22/12/2022;SAS;10;grahade01;Devonte' Graham;8:50;1;2;.500;1;2;.500;3;4;.750;1;0;1;1;0;0;0;0;6;-8
22/12/2022;SAS;11;templga01;Garrett Temple;1:59;0;1;.000;0;0;;0;0;;0;0;0;0;0;0;0;0;0;-6
