dateId;teamId;order;playerId;Starters;MP;FG;FGA;FG%;3P;3PA;3P%;FT;FTA;FT%;ORB;DRB;TRB;AST;STL;BLK;TOV;PF;PTS;+/-
27/11/2022;PHI;0;miltosh01;Shake Milton;37:42;10;13;.769;3;6;.500;6;6;1.000;2;3;5;7;1;0;1;1;29;+26
27/11/2022;PHI;1;harrito02;Tobias Harris;29:43;10;14;.714;2;2;1.000;3;3;1.000;0;5;5;5;2;1;1;2;25;+20
27/11/2022;PHI;2;meltode01;De'Anthony Melton;29:39;5;12;.417;1;6;.167;0;0;;1;2;3;2;3;1;3;1;11;+14
27/11/2022;PHI;3;harremo01;Montrezl Harrell;17:52;3;6;.500;0;0;;3;4;.750;0;7;7;1;0;2;0;1;9;+2
27/11/2022;PHI;4;tuckepj01;P.J. Tucker;15:48;0;0;;0;0;;0;0;;0;2;2;1;0;0;0;2;0;+13
27/11/2022;PHI;5;Reserves;Reserves
27/11/2022;PHI;6;reedpa01;Paul Reed;30:08;6;6;1.000;0;0;;0;0;;3;10;13;3;1;2;5;4;12;+28
27/11/2022;PHI;7;houseda01;Danuel House Jr.;25:29;5;8;.625;1;4;.250;8;10;.800;0;2;2;2;0;1;1;1;19;+16
27/11/2022;PHI;8;korkmfu01;Furkan Korkmaz;24:50;6;7;.857;3;3;1.000;2;3;.667;0;2;2;4;0;1;2;2;17;+16
27/11/2022;PHI;9;niangge01;Georges Niang;19:43;4;9;.444;1;5;.200;0;1;.000;0;4;4;5;1;0;0;4;9;+10
27/11/2022;PHI;10;champju02;Julian Champagnie;5:17;0;1;.000;0;1;.000;0;0;;0;0;0;0;1;0;0;0;0;+1
27/11/2022;PHI;11;leesa01;Saben Lee;3:49;1;1;1.000;0;0;;0;0;;0;0;0;2;1;0;1;1;2;+4
27/11/2022;PHI;0;bolbo01;Bol Bol;32:26;3;6;.500;0;1;.000;0;0;;0;4;4;3;2;2;4;0;6;-19
27/11/2022;PHI;1;banchpa01;Paolo Banchero;31:14;7;17;.412;1;4;.250;3;6;.500;0;1;1;1;0;0;0;3;18;-14
27/11/2022;PHI;2;harriga01;Gary Harris;29:08;4;9;.444;1;5;.200;2;2;1.000;0;3;3;5;1;0;0;2;11;-7
27/11/2022;PHI;3;wagnefr01;Franz Wagner;26:46;6;11;.545;1;4;.250;4;5;.800;0;3;3;2;0;1;2;1;17;-15
27/11/2022;PHI;4;bambamo01;Mo Bamba;11:37;1;3;.333;1;3;.333;0;0;;0;1;1;0;0;1;1;1;3;-13
27/11/2022;PHI;5;Reserves;Reserves
27/11/2022;PHI;6;wagnemo01;Moritz Wagner;26:25;3;7;.429;1;5;.200;5;6;.833;3;3;6;4;1;0;4;5;12;-14
27/11/2022;PHI;7;houstca01;Caleb Houstan;26:09;4;8;.500;4;8;.500;0;0;;0;1;1;3;1;0;0;2;12;-24
27/11/2022;PHI;8;hamptrj01;R.J. Hampton;25:47;3;9;.333;0;4;.000;5;5;1.000;1;2;3;3;2;0;1;1;11;-20
27/11/2022;PHI;9;schofad01;Admiral Schofield;21:53;2;3;.667;2;3;.667;0;0;;3;1;4;0;0;0;0;5;6;-13
27/11/2022;PHI;10;rosste01;Terrence Ross;8:35;3;6;.500;1;3;.333;0;1;.000;0;0;0;0;2;0;3;0;7;-11
27/11/2022;PHI;11;harrike01;Kevon Harris;Did Not Play
