dateId;teamId;order;playerId;Starters;MP;FG;FGA;FG%;3P;3PA;3P%;FT;FTA;FT%;ORB;DRB;TRB;AST;STL;BLK;TOV;PF;PTS;+/-
08/04/2023;POR;0;sharpsh01;Shaedon Sharpe;37:06;10;20;.500;3;9;.333;3;4;.750;3;1;4;4;2;0;3;0;26;-12
08/04/2023;POR;1;knoxke01;Kevin Knox;36:01;10;15;.667;5;8;.625;5;6;.833;1;10;11;2;1;0;2;2;30;-4
08/04/2023;POR;2;mayssk01;Skylar Mays;29:36;3;11;.273;1;2;.500;2;3;.667;0;0;0;9;0;0;1;1;9;-11
08/04/2023;POR;3;watfotr01;Trendon Watford;26:07;10;15;.667;2;3;.667;2;2;1.000;0;2;2;3;0;1;0;3;24;-4
08/04/2023;POR;4;willije02;Jeenathan Williams;21:18;4;5;.800;1;1;1.000;0;1;.000;1;0;1;0;0;0;1;2;9;-5
08/04/2023;POR;5;Reserves;Reserves
08/04/2023;POR;6;harrish01;Shaquille Harrison;26:18;5;11;.455;1;3;.333;2;2;1.000;0;6;6;10;4;1;1;2;13;0
08/04/2023;POR;7;walkeja01;Jabari Walker;21:53;2;6;.333;0;2;.000;3;4;.750;2;3;5;1;0;0;1;3;7;-7
08/04/2023;POR;8;butlejo01;John Butler;21:32;3;5;.600;1;3;.333;0;1;.000;0;1;1;3;0;1;0;4;7;-10
08/04/2023;POR;9;minayju01;Justin Minaya;20:09;0;1;.000;0;1;.000;0;0;;0;4;4;0;1;1;1;3;0;-2
08/04/2023;POR;10;eubandr01;Drew Eubanks;Did Not Play
08/04/2023;POR;11;reddica01;Cam Reddish;Did Not Dress
08/04/2023;POR;0;leonaka01;Kawhi Leonard;28:47;7;17;.412;3;8;.375;10;10;1.000;1;7;8;4;0;1;2;0;27;+11
08/04/2023;POR;1;westbru01;Russell Westbrook;24:39;9;14;.643;2;3;.667;0;0;;4;2;6;6;0;0;3;0;20;+7
08/04/2023;POR;2;batumni01;Nicolas Batum;23:39;3;5;.600;3;5;.600;0;0;;1;3;4;3;1;1;0;0;9;+9
08/04/2023;POR;3;zubaciv01;Ivica Zubac;22:34;6;8;.750;0;0;;2;2;1.000;1;9;10;1;0;1;0;2;14;+7
08/04/2023;POR;4;gordoer01;Eric Gordon;18:28;2;8;.250;1;6;.167;0;0;;0;0;0;2;1;0;2;3;5;+4
08/04/2023;POR;5;Reserves;Reserves
08/04/2023;POR;6;powelno01;Norman Powell;26:46;7;14;.500;0;2;.000;9;11;.818;0;3;3;5;2;0;0;3;23;+7
08/04/2023;POR;7;mannte01;Terance Mann;23:45;3;5;.600;0;2;.000;0;2;.000;1;0;1;2;1;0;3;2;6;+6
08/04/2023;POR;8;hylanbo01;Bones Hyland;21:40;3;11;.273;1;7;.143;2;2;1.000;1;5;6;3;1;0;0;1;9;+6
08/04/2023;POR;9;covinro01;Robert Covington;21:29;3;4;.750;2;2;1.000;0;0;;3;4;7;1;1;1;2;1;8;+9
08/04/2023;POR;10;plumlma01;Mason Plumlee;19:48;4;4;1.000;0;0;;3;3;1.000;1;3;4;2;0;1;0;4;11;-1
08/04/2023;POR;11;diabamo01;Moussa Diabaté;1:41;1;1;1.000;0;0;;0;0;;0;1;1;0;0;0;0;0;2;-2
08/04/2023;POR;12;moonxa01;Xavier Moon;1:41;1;1;1.000;0;0;;0;0;;0;0;0;0;0;0;0;1;2;-2
08/04/2023;POR;13;bostobr01;Brandon Boston Jr.;1:41;0;1;.000;0;0;;0;0;;0;1;1;1;0;0;0;0;0;-2
08/04/2023;POR;14;coffeam01;Amir Coffey;1:41;0;0;;0;0;;0;0;;0;0;0;0;0;0;0;0;0;-2
08/04/2023;POR;15;prestja01;Jason Preston;1:41;0;0;;0;0;;0;0;;0;0;0;0;0;0;0;0;0;-2
