dateId;teamId;order;playerId;Starters;MP;FG;FGA;FG%;3P;3PA;3P%;FT;FTA;FT%;ORB;DRB;TRB;AST;STL;BLK;TOV;PF;PTS;+/-
09/04/2023;ORL;0;houstca01;Caleb Houstan;33:55;6;15;.400;5;11;.455;4;5;.800;0;0;0;1;2;0;0;2;21;-9
09/04/2023;ORL;1;cartewe01;Wendell Carter Jr.;16:19;0;3;.000;0;3;.000;0;0;;0;4;4;1;1;0;0;1;0;-1
09/04/2023;ORL;2;suggsja01;Jalen Suggs;15:17;3;6;.500;2;3;.667;0;0;;3;4;7;2;0;1;1;1;8;+1
09/04/2023;ORL;3;wagnefr01;Franz Wagner;15:06;2;5;.400;0;1;.000;6;6;1.000;0;4;4;3;2;0;3;0;10;+1
09/04/2023;ORL;4;fultzma01;Markelle Fultz;11:10;3;6;.500;1;3;.333;0;0;;0;1;1;2;0;0;0;0;7;+5
09/04/2023;ORL;5;Reserves;Reserves
09/04/2023;ORL;6;okekech01;Chuma Okeke;32:54;5;11;.455;4;8;.500;0;0;;1;3;4;5;3;0;2;1;14;-14
09/04/2023;ORL;7;bolbo01;Bol Bol;27:07;4;12;.333;0;3;.000;0;1;.000;2;4;6;5;2;0;1;3;8;-8
09/04/2023;ORL;8;harrike01;Kevon Harris;26:46;7;12;.583;4;7;.571;4;7;.571;3;5;8;2;0;0;0;3;22;-7
09/04/2023;ORL;9;schofad01;Admiral Schofield;24:33;3;10;.300;0;6;.000;2;2;1.000;0;1;1;4;1;0;3;0;8;-17
09/04/2023;ORL;10;bitadgo01;Goga Bitadze;20:19;2;4;.500;0;0;;0;0;;4;4;8;1;1;0;1;2;4;-6
09/04/2023;ORL;11;cartemi01;Michael Carter-Williams;16:34;3;6;.500;1;2;.500;1;3;.333;0;0;0;3;1;0;3;4;8;-10
09/04/2023;ORL;12;anthoco01;Cole Anthony;Did Not Play
09/04/2023;ORL;13;harriga01;Gary Harris;Did Not Play
09/04/2023;ORL;0;highsha01;Haywood Highsmith;27:18;1;3;.333;0;1;.000;0;0;;1;4;5;3;1;0;3;3;2;-5
09/04/2023;ORL;1;strusma01;Max Strus;10:38;0;2;.000;0;1;.000;0;0;;0;1;1;2;0;1;0;1;0;+2
09/04/2023;ORL;2;herroty01;Tyler Herro;8:40;2;3;.667;0;1;.000;0;0;;0;1;1;3;0;0;2;0;4;+3
09/04/2023;ORL;3;adebaba01;Bam Adebayo;7:55;2;3;.667;0;0;;0;0;;2;1;3;1;1;0;0;0;4;+1
09/04/2023;ORL;4;vincega01;Gabe Vincent;7:19;1;2;.500;0;1;.000;0;1;.000;0;1;1;0;0;0;0;0;2;-1
09/04/2023;ORL;5;Reserves;Reserves
09/04/2023;ORL;6;robindu01;Duncan Robinson;35:13;6;14;.429;3;11;.273;5;6;.833;0;2;2;4;1;0;1;4;20;+9
09/04/2023;ORL;7;hasleud01;Udonis Haslem;24:56;9;17;.529;3;7;.429;3;3;1.000;0;3;3;0;0;1;1;3;24;+1
09/04/2023;ORL;8;yurtsom01;Omer Yurtseven;24:00;5;9;.556;1;3;.333;3;3;1.000;2;5;7;0;1;1;1;4;14;+11
09/04/2023;ORL;9;oladivi01;Victor Oladipo;23:29;7;12;.583;5;8;.625;0;0;;0;2;2;8;2;0;6;2;19;+10
09/04/2023;ORL;10;cainja01;Jamal Cain;18:31;6;7;.857;4;4;1.000;2;3;.667;0;5;5;1;2;0;2;1;18;+13
09/04/2023;ORL;11;zelleco01;Cody Zeller;12:00;2;2;1.000;0;0;;2;4;.500;1;3;4;2;0;0;0;2;6;+3
09/04/2023;ORL;12;robinor01;Orlando Robinson;11:33;0;1;.000;0;1;.000;0;0;;1;2;3;2;0;0;0;0;0;+12
09/04/2023;ORL;13;martica02;Caleb Martin;9:58;1;2;.500;0;1;.000;0;0;;0;1;1;1;2;0;1;0;2;+2
09/04/2023;ORL;14;lowryky01;Kyle Lowry;9:33;0;1;.000;0;1;.000;0;0;;0;1;1;3;0;0;1;0;0;+3
09/04/2023;ORL;15;loveke01;Kevin Love;8:57;3;5;.600;2;4;.500;0;0;;0;5;5;0;0;0;0;0;8;+1
