dateId;teamId;order;playerId;Starters;MP;FG;FGA;FG%;3P;3PA;3P%;FT;FTA;FT%;ORB;DRB;TRB;AST;STL;BLK;TOV;PF;PTS;+/-
15/02/2023;NOP;0;ingrabr01;Brandon Ingram;34:29;10;21;.476;1;3;.333;4;5;.800;0;4;4;1;0;0;3;5;25;-15
15/02/2023;NOP;1;mccolcj01;CJ McCollum;33:41;8;16;.500;3;7;.429;3;4;.750;2;4;6;9;0;2;3;4;22;-17
15/02/2023;NOP;2;valanjo01;Jonas Valančiūnas;31:06;6;9;.667;0;0;;0;0;;2;9;11;2;1;0;1;3;12;-12
15/02/2023;NOP;3;joneshe01;Herbert Jones;30:26;5;9;.556;1;3;.333;0;0;;3;0;3;5;1;0;1;1;11;-11
15/02/2023;NOP;4;murphtr02;Trey Murphy III;20:17;0;6;.000;0;4;.000;2;2;1.000;0;2;2;0;1;0;2;1;2;-15
15/02/2023;NOP;5;Reserves;Reserves
15/02/2023;NOP;6;alvarjo01;Jose Alvarado;24:18;1;7;.143;0;2;.000;0;0;;1;1;2;3;0;0;0;4;2;-4
15/02/2023;NOP;7;richajo01;Josh Richardson;18:44;2;7;.286;1;3;.333;3;6;.500;0;3;3;2;2;1;2;4;8;-3
15/02/2023;NOP;8;marshna01;Naji Marshall;18:32;1;2;.500;1;2;.500;0;0;;0;3;3;1;0;0;2;4;3;-13
15/02/2023;NOP;9;hernawi01;Willy Hernangómez;16:54;5;7;.714;0;0;;4;5;.800;3;8;11;0;0;0;1;2;14;-6
15/02/2023;NOP;10;hayesja02;Jaxson Hayes;3:51;1;2;.500;0;1;.000;0;0;;1;1;2;0;0;0;0;0;2;+2
15/02/2023;NOP;11;lewiski01;Kira Lewis Jr.;3:51;0;2;.000;0;0;;1;2;.500;1;2;3;1;0;0;0;0;1;+2
15/02/2023;NOP;12;seabrde01;Dereon Seabron;3:51;0;1;.000;0;0;;0;0;;0;0;0;0;0;0;0;0;0;+2
15/02/2023;NOP;13;templga01;Garrett Temple;Did Not Play
15/02/2023;NOP;0;davisan02;Anthony Davis;30:10;13;17;.765;0;1;.000;2;5;.400;2;8;10;5;1;2;0;2;28;+18
15/02/2023;NOP;1;jamesle01;LeBron James;29:13;7;14;.500;0;5;.000;7;10;.700;0;6;6;6;0;1;4;1;21;+14
15/02/2023;NOP;2;vandeja01;Jarred Vanderbilt;27:36;3;3;1.000;0;0;;0;0;;1;3;4;2;1;1;1;1;6;+10
15/02/2023;NOP;3;russeda01;D'Angelo Russell;27:31;5;12;.417;3;5;.600;8;10;.800;0;2;2;7;1;0;1;3;21;+18
15/02/2023;NOP;4;beaslma01;Malik Beasley;23:26;3;9;.333;2;7;.286;0;0;;0;3;3;2;1;0;1;2;8;+15
15/02/2023;NOP;5;Reserves;Reserves
15/02/2023;NOP;6;reaveau01;Austin Reaves;22:06;1;2;.500;1;2;.500;2;3;.667;1;1;2;3;0;0;0;2;5;-1
15/02/2023;NOP;7;schrode01;Dennis Schröder;19:54;3;4;.750;1;1;1.000;3;6;.500;0;1;1;2;0;0;0;1;10;+7
15/02/2023;NOP;8;browntr01;Troy Brown Jr.;18:02;2;3;.667;2;3;.667;0;0;;0;4;4;3;1;0;1;3;6;+9
15/02/2023;NOP;9;bambamo01;Mo Bamba;15:47;2;7;.286;0;5;.000;0;2;.000;1;5;6;1;0;3;1;6;4;-6
15/02/2023;NOP;10;hachiru01;Rui Hachimura;15:34;2;6;.333;0;4;.000;0;0;;0;4;4;0;0;0;1;1;4;+8
15/02/2023;NOP;11;gabriwe01;Wenyen Gabriel;3:51;0;1;.000;0;1;.000;0;0;;0;0;0;1;0;0;0;1;0;-2
15/02/2023;NOP;12;walkelo01;Lonnie Walker IV;3:25;2;4;.500;0;2;.000;0;0;;0;0;0;0;0;1;0;0;4;0
15/02/2023;NOP;13;reedda01;Davon Reed;3:25;1;1;1.000;1;1;1.000;0;0;;1;0;1;0;0;0;0;0;3;0
