dateId;teamId;order;playerId;Starters;MP;FG;FGA;FG%;3P;3PA;3P%;FT;FTA;FT%;ORB;DRB;TRB;AST;STL;BLK;TOV;PF;PTS;+/-
31/12/2022;BRK;0;irvinky01;Kyrie Irving;33:14;11;19;.579;4;9;.444;2;2;1.000;0;6;6;4;1;0;2;2;28;+11
31/12/2022;BRK;1;claxtni01;Nic Claxton;33:07;6;7;.857;0;0;;2;4;.500;1;5;6;3;1;6;0;3;14;+8
31/12/2022;BRK;2;onealro01;Royce O'Neale;32:07;5;7;.714;4;6;.667;0;0;;0;3;3;6;0;0;0;1;14;+20
31/12/2022;BRK;3;duranke01;Kevin Durant;29:48;9;15;.600;1;6;.167;4;4;1.000;0;5;5;4;0;0;3;3;23;+21
31/12/2022;BRK;4;simmobe01;Ben Simmons;19:14;1;2;.500;0;0;;0;1;.000;1;2;3;2;0;0;2;2;2;+1
31/12/2022;BRK;5;Reserves;Reserves
31/12/2022;BRK;6;warretj01;T.J. Warren;31:28;3;7;.429;0;3;.000;4;5;.800;0;7;7;1;0;0;2;1;10;+9
31/12/2022;BRK;7;curryse01;Seth Curry;20:10;3;8;.375;1;3;.333;1;1;1.000;0;4;4;3;0;0;2;2;8;+9
31/12/2022;BRK;8;watanyu01;Yuta Watanabe;18:58;4;7;.571;2;5;.400;1;2;.500;0;5;5;1;5;0;1;0;11;+11
31/12/2022;BRK;9;sumneed01;Edmond Sumner;15:04;4;5;.800;0;1;.000;0;0;;0;1;1;1;0;0;1;2;8;+1
31/12/2022;BRK;10;sharpda01;Day'Ron Sharpe;3:25;2;2;1.000;1;1;1.000;0;0;;0;1;1;0;0;0;0;0;5;-3
31/12/2022;BRK;11;thomaca02;Cam Thomas;3:25;0;1;.000;0;0;;0;0;;0;1;1;1;0;0;1;0;0;-3
31/12/2022;BRK;12;millspa02;Patty Mills;Did Not Play
31/12/2022;BRK;13;morrima02;Markieff Morris;Did Not Play
31/12/2022;BRK;0;ballla01;LaMelo Ball;36:17;7;19;.368;5;14;.357;4;5;.800;0;7;7;11;2;0;4;4;23;-8
31/12/2022;BRK;1;washipj01;P.J. Washington;32:45;5;13;.385;1;4;.250;1;1;1.000;1;2;3;2;1;1;1;1;12;-3
31/12/2022;BRK;2;roziete01;Terry Rozier;31:44;5;14;.357;1;4;.250;5;5;1.000;2;3;5;2;0;0;0;0;16;-14
31/12/2022;BRK;3;plumlma01;Mason Plumlee;29:32;9;14;.643;0;0;;4;4;1.000;5;5;10;3;1;0;0;3;22;-10
31/12/2022;BRK;4;haywago01;Gordon Hayward;29:23;1;7;.143;0;4;.000;0;0;;0;3;3;3;0;0;3;3;2;-14
31/12/2022;BRK;5;Reserves;Reserves
31/12/2022;BRK;6;mcdanja01;Jalen McDaniels;28:03;4;8;.500;1;5;.200;1;1;1.000;2;4;6;3;0;0;0;3;10;-12
31/12/2022;BRK;7;thorjt01;JT Thor;15:41;1;4;.250;1;4;.250;0;0;;0;1;1;0;0;0;0;0;3;-16
31/12/2022;BRK;8;willima07;Mark Williams;14:37;3;7;.429;0;0;;2;2;1.000;3;4;7;0;0;0;4;1;8;-8
31/12/2022;BRK;9;maledth01;Théo Maledon;11:43;2;8;.250;2;5;.400;2;2;1.000;0;1;1;3;2;1;0;2;8;-9
31/12/2022;BRK;10;richani01;Nick Richards;3:25;1;1;1.000;0;0;;0;1;.000;1;0;1;0;1;0;0;0;2;+3
31/12/2022;BRK;11;bouknja01;James Bouknight;3:25;0;1;.000;0;1;.000;0;0;;0;1;1;1;0;0;0;0;0;+3
31/12/2022;BRK;12;joneska01;Kai Jones;3:25;0;0;;0;0;;0;0;;0;0;0;0;0;0;0;0;0;+3
