dateId;teamId;order;playerId;Starters;MP;FG;FGA;FG%;3P;3PA;3P%;FT;FTA;FT%;ORB;DRB;TRB;AST;STL;BLK;TOV;PF;PTS;+/-
04/12/2022;DEN;0;brownbr01;Bruce Brown;37:39;6;9;.667;1;3;.333;0;0;;0;6;6;3;1;0;4;4;13;-10
04/12/2022;DEN;1;jokicni01;Nikola Jokić;37:17;13;19;.684;1;4;.250;5;9;.556;4;12;16;9;2;1;4;4;32;+2
04/12/2022;DEN;2;gordoaa01;Aaron Gordon;37:02;7;10;.700;1;3;.333;4;4;1.000;1;7;8;0;0;0;1;3;19;-7
04/12/2022;DEN;3;murraja01;Jamal Murray;32:38;6;17;.353;3;8;.375;3;4;.750;0;4;4;5;0;2;3;2;18;-7
04/12/2022;DEN;4;caldwke01;Kentavious Caldwell-Pope;30:31;2;8;.250;0;4;.000;2;2;1.000;1;0;1;1;1;0;2;1;6;+2
04/12/2022;DEN;5;Reserves;Reserves
04/12/2022;DEN;6;smithis01;Ish Smith;17:23;3;6;.500;1;2;.500;1;2;.500;0;1;1;3;0;1;4;3;8;-1
04/12/2022;DEN;7;cancavl01;Vlatko Čančar;14:53;0;4;.000;0;3;.000;0;0;;1;1;2;1;1;0;0;3;0;-10
04/12/2022;DEN;8;reedda01;Davon Reed;12:48;1;2;.500;1;1;1.000;0;0;;1;0;1;0;0;0;0;1;3;-17
04/12/2022;DEN;9;jordade01;DeAndre Jordan;8:40;2;2;1.000;0;0;;1;2;.500;1;1;2;0;0;0;1;1;5;-19
04/12/2022;DEN;10;hylanbo01;Bones Hyland;5:00;0;2;.000;0;2;.000;0;1;.000;0;0;0;1;0;0;0;0;0;-14
04/12/2022;DEN;11;whiteja03;Jack White;2:03;1;1;1.000;0;0;;0;0;;0;1;1;0;0;0;0;0;2;+2
04/12/2022;DEN;12;braunch01;Christian Braun;2:03;0;0;;0;0;;0;0;;0;0;0;0;0;0;0;0;0;+2
04/12/2022;DEN;13;nnajize01;Zeke Nnaji;2:03;0;1;.000;0;1;.000;0;0;;0;1;1;1;0;1;0;0;0;+2
04/12/2022;DEN;0;willizi01;Zion Williamson;35:55;9;17;.529;0;0;;7;11;.636;1;5;6;4;1;1;4;0;25;+11
04/12/2022;DEN;1;mccolcj01;CJ McCollum;33:49;3;11;.273;0;2;.000;1;1;1.000;0;3;3;6;0;0;1;1;7;0
04/12/2022;DEN;2;murphtr02;Trey Murphy III;29:20;4;8;.500;1;3;.333;3;3;1.000;0;3;3;2;3;0;0;4;12;-4
04/12/2022;DEN;3;daniedy01;Dyson Daniels;21:20;1;3;.333;0;0;;0;0;;0;2;2;0;1;0;0;0;2;-5
04/12/2022;DEN;4;valanjo01;Jonas Valančiūnas;13:45;6;9;.667;0;2;.000;1;1;1.000;0;2;2;1;0;1;1;5;13;-21
04/12/2022;DEN;5;Reserves;Reserves
04/12/2022;DEN;6;alvarjo01;Jose Alvarado;26:54;12;19;.632;8;11;.727;6;7;.857;0;3;3;2;1;0;0;3;38;+21
04/12/2022;DEN;7;marshna01;Naji Marshall;23:57;1;4;.250;1;3;.333;0;0;;0;3;3;6;2;1;0;1;3;+23
04/12/2022;DEN;8;nancela02;Larry Nance Jr.;20:29;2;3;.667;0;1;.000;0;1;.000;0;3;3;0;1;1;1;4;4;+17
04/12/2022;DEN;9;hernawi01;Willy Hernangómez;19:47;2;3;.667;0;0;;8;10;.800;3;5;8;3;1;1;2;3;12;+20
04/12/2022;DEN;10;grahade01;Devonte' Graham;13:45;1;4;.250;1;4;.250;2;2;1.000;2;1;3;5;0;0;1;1;5;+14
04/12/2022;DEN;11;templga01;Garrett Temple;0:58;0;0;;0;0;;0;0;;0;0;0;0;0;0;0;0;0;-1
04/12/2022;DEN;12;hayesja02;Jaxson Hayes;Did Not Play
