dateId;teamId;order;playerId;Starters;MP;FG;FGA;FG%;3P;3PA;3P%;FT;FTA;FT%;ORB;DRB;TRB;AST;STL;BLK;TOV;PF;PTS;+/-
17/03/2023;BOS;0;brownja02;Jaylen Brown;36:32;12;23;.522;2;6;.333;1;3;.333;3;3;6;5;2;0;4;5;27;+9
17/03/2023;BOS;1;tatumja01;Jayson Tatum;36:29;8;20;.400;2;11;.182;16;18;.889;1;11;12;4;3;0;5;2;34;+11
17/03/2023;BOS;2;smartma01;Marcus Smart;36:10;5;8;.625;3;6;.500;2;3;.667;0;2;2;6;4;0;4;3;15;+15
17/03/2023;BOS;3;whitede01;Derrick White;36:02;2;5;.400;1;3;.333;8;8;1.000;0;4;4;2;1;1;3;1;13;+14
17/03/2023;BOS;4;horfoal01;Al Horford;26:39;4;6;.667;3;4;.750;1;2;.500;1;4;5;10;0;0;0;3;12;+5
17/03/2023;BOS;5;Reserves;Reserves
17/03/2023;BOS;6;hausesa01;Sam Hauser;19:40;2;5;.400;2;4;.500;0;0;;4;2;6;0;1;0;0;1;6;0
17/03/2023;BOS;7;kornelu01;Luke Kornet;18:17;5;8;.625;0;0;;1;1;1.000;3;2;5;1;0;1;0;2;11;+3
17/03/2023;BOS;8;willigr01;Grant Williams;15:56;2;7;.286;2;6;.333;0;0;;0;3;3;0;0;0;0;2;6;+5
17/03/2023;BOS;9;griffbl01;Blake Griffin;13:32;1;5;.200;0;2;.000;0;0;;6;3;9;1;1;0;0;0;2;+8
17/03/2023;BOS;10;davisjd01;JD Davison;0:43;0;0;;0;0;;0;0;;0;0;0;0;0;0;0;0;0;0
17/03/2023;BOS;11;muscami01;Mike Muscala;Did Not Play
17/03/2023;BOS;0;simonan01;Anfernee Simons;38:32;5;15;.333;2;7;.286;5;8;.625;0;1;1;4;1;0;1;4;17;-6
17/03/2023;BOS;1;lillada01;Damian Lillard;36:56;12;23;.522;6;15;.400;11;14;.786;1;3;4;5;1;1;7;3;41;-14
17/03/2023;BOS;2;watfotr01;Trendon Watford;34:28;4;7;.571;2;3;.667;0;0;;2;6;8;8;3;0;1;3;10;-11
17/03/2023;BOS;3;nurkiju01;Jusuf Nurkić;25:19;2;6;.333;0;2;.000;2;3;.667;3;5;8;0;1;1;2;3;6;-11
17/03/2023;BOS;4;thybuma01;Matisse Thybulle;21:24;4;9;.444;2;6;.333;2;2;1.000;0;1;1;0;2;0;0;0;12;-11
17/03/2023;BOS;5;Reserves;Reserves
17/03/2023;BOS;6;reddica01;Cam Reddish;29:26;4;8;.500;1;3;.333;1;3;.333;1;3;4;0;3;0;3;5;10;-8
17/03/2023;BOS;7;eubandr01;Drew Eubanks;18:05;3;3;1.000;0;0;;0;0;;0;3;3;0;0;2;1;2;6;-7
17/03/2023;BOS;8;sharpsh01;Shaedon Sharpe;16:47;3;5;.600;0;1;.000;1;1;1.000;0;2;2;2;0;0;0;5;7;-4
17/03/2023;BOS;9;knoxke01;Kevin Knox;9:48;1;1;1.000;1;1;1.000;0;0;;0;2;2;1;1;0;0;0;3;+1
17/03/2023;BOS;10;walkeja01;Jabari Walker;7:49;0;2;.000;0;0;;0;0;;1;3;4;0;0;0;3;1;0;+1
17/03/2023;BOS;11;arcidry01;Ryan Arcidiacono;0:43;0;0;;0;0;;0;0;;0;0;0;0;0;0;0;0;0;0
17/03/2023;BOS;12;johnske07;Keon Johnson;0:43;0;0;;0;0;;0;0;;0;0;0;0;0;0;0;0;0;0
17/03/2023;BOS;13;butlejo01;John Butler;Did Not Play
