dateId;teamId;order;playerId;Starters;MP;FG;FGA;FG%;3P;3PA;3P%;FT;FTA;FT%;ORB;DRB;TRB;AST;STL;BLK;TOV;PF;PTS;+/-
08/03/2023;CHI;0;derozde01;DeMar DeRozan;38:11;6;16;.375;0;2;.000;5;6;.833;1;5;6;8;3;0;2;3;17;+14
08/03/2023;CHI;1;vucevni01;Nikola Vučević;34:41;9;17;.529;2;4;.500;5;5;1.000;2;13;15;3;0;0;1;3;25;+17
08/03/2023;CHI;2;lavinza01;Zach LaVine;33:59;12;18;.667;3;5;.600;2;2;1.000;0;5;5;4;2;0;1;2;29;+15
08/03/2023;CHI;3;beverpa01;Patrick Beverley;23:49;1;4;.250;1;3;.333;0;0;;1;5;6;4;0;1;0;1;3;+6
08/03/2023;CHI;4;carusal01;Alex Caruso;17:38;3;8;.375;0;2;.000;0;0;;1;2;3;2;1;0;2;2;6;-2
08/03/2023;CHI;5;Reserves;Reserves
08/03/2023;CHI;6;willipa01;Patrick Williams;30:22;8;9;.889;1;2;.500;1;1;1.000;2;2;4;0;1;0;0;1;18;+23
08/03/2023;CHI;7;whiteco01;Coby White;25:56;3;10;.300;1;6;.167;0;0;;0;4;4;4;0;0;1;1;7;+22
08/03/2023;CHI;8;dosunay01;Ayo Dosunmu;19:50;2;4;.500;0;0;;4;4;1.000;0;1;1;0;2;0;1;2;8;+5
08/03/2023;CHI;9;drumman01;Andre Drummond;11:04;1;2;.500;0;0;;0;0;;1;4;5;1;0;1;0;1;2;+3
08/03/2023;CHI;10;jonesde02;Derrick Jones Jr.;2:15;1;1;1.000;0;0;;0;0;;1;0;1;0;0;0;0;0;2;+1
08/03/2023;CHI;11;terryda01;Dalen Terry;2:15;0;0;;0;0;;0;0;;0;0;0;0;0;0;0;0;0;+1
08/03/2023;CHI;0;murraja01;Jamal Murray;35:12;4;15;.267;1;7;.143;2;2;1.000;0;2;2;5;0;0;2;2;11;-14
08/03/2023;CHI;1;jokicni01;Nikola Jokić;35:02;7;16;.438;3;9;.333;1;4;.250;1;11;12;8;0;0;5;1;18;-14
08/03/2023;CHI;2;caldwke01;Kentavious Caldwell-Pope;31:03;2;7;.286;1;4;.250;0;0;;1;1;2;4;3;0;0;2;5;-7
08/03/2023;CHI;3;gordoaa01;Aaron Gordon;28:48;6;14;.429;1;3;.333;4;9;.444;6;3;9;2;0;1;0;0;17;-4
08/03/2023;CHI;4;portemi01;Michael Porter Jr.;23:58;5;13;.385;2;7;.286;0;0;;0;5;5;0;0;1;1;1;12;-2
08/03/2023;CHI;5;Reserves;Reserves
08/03/2023;CHI;6;jacksre01;Reggie Jackson;23:34;2;8;.250;2;5;.400;0;0;;0;0;0;2;0;0;0;1;6;-16
08/03/2023;CHI;7;brownbr01;Bruce Brown;22:47;4;5;.800;1;1;1.000;0;0;;3;5;8;2;1;0;2;4;9;-24
08/03/2023;CHI;8;greenje02;Jeff Green;15:29;2;3;.667;2;2;1.000;0;0;;0;4;4;0;0;0;0;2;6;-17
08/03/2023;CHI;9;bryanth01;Thomas Bryant;12:58;4;5;.800;2;2;1.000;0;0;;0;0;0;0;0;0;0;1;10;-7
08/03/2023;CHI;10;smithis01;Ish Smith;3:43;1;1;1.000;0;0;;0;0;;0;1;1;1;0;0;1;1;2;0
08/03/2023;CHI;11;braunch01;Christian Braun;3:43;0;1;.000;0;0;;0;0;;0;0;0;1;0;0;0;0;0;0
08/03/2023;CHI;12;whiteja03;Jack White;3:43;0;0;;0;0;;0;0;;0;1;1;1;1;0;0;1;0;0
08/03/2023;CHI;13;jordade01;DeAndre Jordan;Did Not Play
