dateId;teamId;order;playerId;Starters;MP;FG;FGA;FG%;3P;3PA;3P%;FT;FTA;FT%;ORB;DRB;TRB;AST;STL;BLK;TOV;PF;PTS;+/-
20/11/2022;MIA;0;martica02;Caleb Martin;34:15;7;12;.583;1;5;.200;2;2;1.000;2;1;3;2;0;0;2;2;17;-12
20/11/2022;MIA;1;strusma01;Max Strus;32:58;3;9;.333;2;5;.400;0;0;;0;0;0;2;1;0;1;2;8;-20
20/11/2022;MIA;2;jovicni01;Nikola Jović;32:13;2;9;.222;1;6;.167;2;2;1.000;2;2;4;5;1;0;1;2;7;-7
20/11/2022;MIA;3;lowryky01;Kyle Lowry;31:07;2;10;.200;1;7;.143;4;5;.800;1;3;4;3;0;1;5;1;9;-21
20/11/2022;MIA;4;adebaba01;Bam Adebayo;26:58;7;14;.500;0;0;;7;7;1.000;2;4;6;3;0;1;3;2;21;-20
20/11/2022;MIA;5;Reserves;Reserves
20/11/2022;MIA;6;highsha01;Haywood Highsmith;28:38;0;3;.000;0;2;.000;0;2;.000;1;3;4;0;1;0;0;2;0;-23
20/11/2022;MIA;7;robindu01;Duncan Robinson;20:55;3;6;.500;1;3;.333;0;0;;0;1;1;0;0;0;2;3;7;-22
20/11/2022;MIA;8;dedmode01;Dewayne Dedmon;13:08;3;8;.375;0;2;.000;4;4;1.000;1;4;5;0;1;1;1;0;10;-10
20/11/2022;MIA;9;cainja01;Jamal Cain;11:54;4;6;.667;0;0;;0;0;;1;0;1;1;1;0;1;2;8;+1
20/11/2022;MIA;10;robinor01;Orlando Robinson;7:53;0;3;.000;0;1;.000;0;0;;1;1;2;1;1;0;0;0;0;+4
20/11/2022;MIA;11;vincega01;Gabe Vincent;Did Not Play
20/11/2022;MIA;0;mobleev01;Evan Mobley;30:00;7;12;.583;0;0;;1;2;.500;4;6;10;5;1;0;3;2;15;+15
20/11/2022;MIA;1;garlada01;Darius Garland;27:53;7;12;.583;4;7;.571;7;7;1.000;0;2;2;7;0;0;5;2;25;+12
20/11/2022;MIA;2;allenja01;Jarrett Allen;27:09;4;6;.667;0;0;;0;0;;1;5;6;2;0;0;3;3;8;+13
20/11/2022;MIA;3;mitchdo01;Donovan Mitchell;26:47;5;12;.417;2;7;.286;1;2;.500;1;2;3;5;2;0;1;4;13;+15
20/11/2022;MIA;4;stevela01;Lamar Stevens;22:00;5;6;.833;1;2;.500;0;0;;1;3;4;1;1;0;2;1;11;-8
20/11/2022;MIA;5;Reserves;Reserves
20/11/2022;MIA;6;osmande01;Cedi Osman;37:00;8;17;.471;4;11;.364;0;0;;4;8;12;3;1;1;1;3;20;+39
20/11/2022;MIA;7;okorois01;Isaac Okoro;29:08;4;8;.500;2;5;.400;3;5;.600;0;4;4;2;0;0;1;2;13;+26
20/11/2022;MIA;8;leverca01;Caris LeVert;14:17;0;4;.000;0;4;.000;0;0;;1;4;5;4;1;0;0;2;0;+22
20/11/2022;MIA;9;netora01;Raul Neto;7:53;2;3;.667;0;0;;0;0;;0;0;0;1;1;0;2;1;4;-4
20/11/2022;MIA;10;lopezro01;Robin Lopez;7:53;1;1;1.000;0;0;;0;0;;1;0;1;1;0;0;1;2;2;-4
20/11/2022;MIA;11;diakima01;Mamadi Diakite;5:31;1;1;1.000;0;0;;0;0;;0;0;0;0;0;0;0;1;2;0
20/11/2022;MIA;12;mobleis01;Isaiah Mobley;4:28;0;1;.000;0;1;.000;0;0;;0;2;2;0;0;0;0;0;0;+4
