dateId;teamId;order;playerId;Starters;MP;FG;FGA;FG%;3P;3PA;3P%;FT;FTA;FT%;ORB;DRB;TRB;AST;STL;BLK;TOV;PF;PTS;+/-
24/01/2023;CHO;0;roziete01;Terry Rozier;36:20;7;21;.333;4;9;.444;1;2;.500;0;4;4;5;1;1;0;0;19;-14
24/01/2023;CHO;1;mcdanja01;Jalen McDaniels;34:18;7;16;.438;1;5;.200;0;0;;2;8;10;2;3;0;3;5;15;-20
24/01/2023;CHO;2;washipj01;P.J. Washington;32:42;4;12;.333;0;6;.000;1;1;1.000;0;2;2;2;4;1;1;2;9;-26
24/01/2023;CHO;3;plumlma01;Mason Plumlee;25:08;6;10;.600;0;0;;5;6;.833;2;4;6;4;0;0;2;2;17;-6
24/01/2023;CHO;4;mcgowbr01;Bryce McGowens;21:41;2;8;.250;0;1;.000;1;1;1.000;2;2;4;3;0;0;0;2;5;-6
24/01/2023;CHO;5;Reserves;Reserves
24/01/2023;CHO;6;smithde03;Dennis Smith Jr.;27:08;4;13;.308;0;2;.000;0;0;;0;3;3;3;1;0;2;3;8;-26
24/01/2023;CHO;7;maledth01;Théo Maledon;18:44;3;5;.600;1;1;1.000;0;0;;0;2;2;0;0;0;0;1;7;-20
24/01/2023;CHO;8;richani01;Nick Richards;17:03;1;2;.500;0;0;;2;4;.500;2;1;3;0;0;3;3;2;4;-18
24/01/2023;CHO;9;thorjt01;JT Thor;9:29;2;2;1.000;0;0;;1;1;1.000;0;1;1;0;1;0;0;2;5;+2
24/01/2023;CHO;10;willima07;Mark Williams;5:49;2;4;.500;0;0;;2;2;1.000;1;1;2;0;0;0;1;2;6;-7
24/01/2023;CHO;11;joneska01;Kai Jones;5:49;1;1;1.000;0;0;;0;1;.000;1;0;1;0;0;0;0;0;2;-7
24/01/2023;CHO;12;bouknja01;James Bouknight;5:49;0;2;.000;0;1;.000;0;0;;0;2;2;0;0;0;1;0;0;-7
24/01/2023;CHO;0;biyombi01;Bismack Biyombo;31:27;3;6;.500;0;0;;0;0;;1;8;9;4;0;5;3;3;6;+13
24/01/2023;CHO;1;bridgmi01;Mikal Bridges;30:09;7;16;.438;2;5;.400;2;2;1.000;0;2;2;3;1;1;2;2;18;+11
24/01/2023;CHO;2;paulch01;Chris Paul;27:04;6;9;.667;2;3;.667;0;0;;1;4;5;11;0;0;0;1;14;+6
24/01/2023;CHO;3;craigto01;Torrey Craig;21:30;0;7;.000;0;3;.000;0;0;;1;8;9;1;1;0;3;0;0;+10
24/01/2023;CHO;4;johnsca02;Cameron Johnson;17:42;9;11;.818;6;7;.857;0;0;;1;2;3;3;0;0;0;2;24;+2
24/01/2023;CHO;5;Reserves;Reserves
24/01/2023;CHO;6;saricda01;Dario Šarić;24:24;6;9;.667;3;4;.750;4;4;1.000;4;4;8;3;0;1;3;4;19;+20
24/01/2023;CHO;7;okogijo01;Josh Okogie;24:10;2;6;.333;2;4;.500;3;4;.750;2;5;7;2;0;2;1;1;9;+25
24/01/2023;CHO;8;leesa01;Saben Lee;20:56;1;6;.167;0;0;;0;0;;1;3;4;6;0;1;1;0;2;+25
24/01/2023;CHO;9;leeda03;Damion Lee;16:28;3;6;.500;2;3;.667;3;3;1.000;0;2;2;0;0;0;0;0;11;+14
24/01/2023;CHO;10;landajo01;Jock Landale;14:32;6;13;.462;3;7;.429;0;0;;3;0;3;3;0;0;4;5;15;+15
24/01/2023;CHO;11;washidu02;Duane Washington Jr.;5:49;3;4;.750;2;3;.667;0;0;;1;2;3;2;0;0;0;1;8;+7
24/01/2023;CHO;12;wainris01;Ish Wainright;5:49;1;1;1.000;0;0;;0;0;;0;0;0;0;1;0;0;2;2;+7
24/01/2023;CHO;13;aytonde01;Deandre Ayton;Did Not Dress
