dateId;teamId;order;playerId;Starters;MP;FG;FGA;FG%;3P;3PA;3P%;FT;FTA;FT%;ORB;DRB;TRB;AST;STL;BLK;TOV;PF;PTS;+/-
02/12/2022;IND;0;nembhan01;Andrew Nembhard;35:27;4;10;.400;2;5;.400;3;3;1.000;2;2;4;10;2;0;2;5;13;-11
02/12/2022;IND;1;halibty01;Tyrese Haliburton;30:31;5;16;.313;3;9;.333;1;2;.500;0;6;6;4;2;0;3;1;14;-12
02/12/2022;IND;2;turnemy01;Myles Turner;26:04;7;9;.778;2;4;.500;2;2;1.000;0;4;4;1;1;1;3;3;18;-12
02/12/2022;IND;3;hieldbu01;Buddy Hield;25:22;2;8;.250;1;4;.250;1;1;1.000;0;0;0;1;1;0;4;2;6;-18
02/12/2022;IND;4;smithja04;Jalen Smith;19:49;4;11;.364;1;5;.200;5;5;1.000;2;1;3;0;0;2;2;4;14;-18
02/12/2022;IND;5;Reserves;Reserves
02/12/2022;IND;6;mathube01;Bennedict Mathurin;25:09;3;10;.300;0;1;.000;6;9;.667;1;3;4;3;0;0;0;4;12;-23
02/12/2022;IND;7;mccontj01;T.J. McConnell;21:21;5;7;.714;0;0;;1;1;1.000;1;2;3;1;0;0;1;3;11;-15
02/12/2022;IND;8;nesmiaa01;Aaron Nesmith;17:31;3;8;.375;2;4;.500;0;0;;1;2;3;2;4;0;0;6;8;+4
02/12/2022;IND;9;brissos01;Oshae Brissett;14:46;2;4;.500;0;0;;7;8;.875;1;1;2;1;1;1;1;2;11;+5
02/12/2022;IND;10;jacksis01;Isaiah Jackson;12:31;3;5;.600;1;1;1.000;1;2;.500;1;3;4;2;0;1;2;4;8;-1
02/12/2022;IND;11;brownke03;Kendall Brown;7:18;2;2;1.000;0;0;;0;0;;0;1;1;0;1;0;0;1;4;+1
02/12/2022;IND;12;taylote01;Terry Taylor;4:11;0;2;.000;0;1;.000;0;0;;0;1;1;0;0;0;0;0;0;0
02/12/2022;IND;13;bitadgo01;Goga Bitadze;Did Not Play
02/12/2022;IND;14;johnsja01;James Johnson;Did Not Play
02/12/2022;IND;0;markkla01;Lauri Markkanen;33:13;8;15;.533;5;9;.556;3;4;.750;2;11;13;3;1;0;1;1;24;+19
02/12/2022;IND;1;clarkjo01;Jordan Clarkson;28:57;6;12;.500;1;3;.333;6;8;.750;0;1;1;3;1;0;5;3;19;+22
02/12/2022;IND;2;sextoco01;Collin Sexton;27:43;5;10;.500;0;0;;8;8;1.000;0;0;0;5;0;0;3;3;18;-3
02/12/2022;IND;3;olynyke01;Kelly Olynyk;21:41;2;4;.500;1;3;.333;5;5;1.000;1;3;4;1;2;0;4;6;10;-5
02/12/2022;IND;4;vandeja01;Jarred Vanderbilt;20:20;4;5;.800;0;0;;0;0;;0;6;6;2;1;0;3;2;8;+11
02/12/2022;IND;5;Reserves;Reserves
02/12/2022;IND;6;beaslma01;Malik Beasley;30:21;6;15;.400;4;11;.364;0;0;;1;4;5;1;0;0;2;1;16;+23
02/12/2022;IND;7;kesslwa01;Walker Kessler;24:56;7;7;1.000;0;0;;6;8;.750;4;7;11;1;0;2;1;4;20;+4
02/12/2022;IND;8;hortota01;Talen Horton-Tucker;21:48;2;6;.333;0;2;.000;2;2;1.000;0;5;5;9;1;0;3;4;6;+26
02/12/2022;IND;9;fontesi01;Simone Fontecchio;21:19;3;5;.600;3;4;.750;0;0;;0;1;1;1;0;0;2;3;9;-2
02/12/2022;IND;10;agbajoc01;Ochai Agbaji;3:29;2;2;1.000;1;1;1.000;0;0;;0;0;0;0;1;0;0;1;5;0
02/12/2022;IND;11;alexani01;Nickeil Alexander-Walker;3:29;0;1;.000;0;1;.000;0;0;;0;0;0;2;0;0;0;0;0;0
02/12/2022;IND;12;azubuud01;Udoka Azubuike;2:44;1;1;1.000;0;0;;2;2;1.000;0;1;1;1;0;0;0;0;4;+5
02/12/2022;IND;13;bolmale01;Leandro Bolmaro;Did Not Play
