dateId;teamId;order;playerId;Starters;MP;FG;FGA;FG%;3P;3PA;3P%;FT;FTA;FT%;ORB;DRB;TRB;AST;STL;BLK;TOV;PF;PTS;+/-
29/03/2023;UTA;0;hortota01;Talen Horton-Tucker;29:51;15;25;.600;6;11;.545;5;6;.833;2;2;4;5;1;0;4;2;41;+2
29/03/2023;UTA;1;toscaju01;Juan Toscano-Anderson;24:33;3;5;.600;0;1;.000;0;0;;1;3;4;2;0;1;1;0;6;+6
29/03/2023;UTA;2;agbajoc01;Ochai Agbaji;24:30;2;7;.286;2;6;.333;4;4;1.000;0;1;1;3;0;2;1;1;10;-1
29/03/2023;UTA;3;kesslwa01;Walker Kessler;20:51;4;8;.500;0;0;;1;1;1.000;3;7;10;4;0;2;1;1;9;+20
29/03/2023;UTA;4;fontesi01;Simone Fontecchio;16:51;2;6;.333;0;3;.000;0;0;;0;0;0;1;0;0;1;2;4;+8
29/03/2023;UTA;5;Reserves;Reserves
29/03/2023;UTA;6;dunnkr01;Kris Dunn;28:28;6;11;.545;1;1;1.000;4;5;.800;1;3;4;5;2;0;2;2;17;-2
29/03/2023;UTA;7;samanlu01;Luka Šamanić;24:53;2;8;.250;1;4;.250;4;4;1.000;0;9;9;4;1;1;2;4;9;+14
29/03/2023;UTA;8;azubuud01;Udoka Azubuike;23:55;6;6;1.000;0;0;;0;0;;1;4;5;1;0;0;2;3;12;-8
29/03/2023;UTA;9;jonesda03;Damian Jones;22:44;3;4;.750;1;1;1.000;0;0;;0;4;4;1;0;0;1;2;7;+3
29/03/2023;UTA;10;juzanjo01;Johnny Juzang;20:50;5;9;.556;0;3;.000;0;0;;0;4;4;2;1;0;0;0;10;+14
29/03/2023;UTA;11;pottemi01;Micah Potter;2:34;1;1;1.000;1;1;1.000;0;0;;0;0;0;0;0;0;1;0;3;-1
29/03/2023;UTA;0;colliza01;Zach Collins;31:06;6;14;.429;0;4;.000;0;0;;3;5;8;5;3;2;2;1;12;+6
29/03/2023;UTA;1;jonestr01;Tre Jones;28:09;8;12;.667;1;2;.500;0;1;.000;0;1;1;6;3;0;2;4;17;+7
29/03/2023;UTA;2;branhma01;Malaki Branham;27:00;7;12;.583;2;4;.500;5;7;.714;0;2;2;2;1;0;0;1;21;+6
29/03/2023;UTA;3;bateske01;Keita Bates-Diop;26:06;5;12;.417;1;5;.200;4;4;1.000;0;3;3;2;1;1;1;1;15;-6
29/03/2023;UTA;4;champju02;Julian Champagnie;25:13;1;6;.167;0;3;.000;0;0;;1;1;2;1;0;0;2;3;2;-25
29/03/2023;UTA;5;Reserves;Reserves
29/03/2023;UTA;6;mamuksa01;Sandro Mamukelashvili;28:42;7;14;.500;2;6;.333;1;1;1.000;3;5;8;5;0;0;3;1;17;+7
29/03/2023;UTA;7;grahade01;Devonte' Graham;24:08;5;10;.500;3;7;.429;4;4;1.000;0;4;4;6;0;1;2;0;17;-3
29/03/2023;UTA;8;weslebl01;Blake Wesley;19:10;0;4;.000;0;1;.000;3;4;.750;0;2;2;3;2;0;2;2;3;-18
29/03/2023;UTA;9;langfro01;Romeo Langford;18:06;4;9;.444;1;3;.333;0;0;;0;5;5;1;0;0;0;2;9;-8
29/03/2023;UTA;10;barlodo01;Dominick Barlow;12:20;2;2;1.000;0;0;;0;0;;2;2;4;0;0;0;1;1;4;-21
29/03/2023;UTA;11;dienggo01;Gorgui Dieng;Did Not Play
29/03/2023;UTA;12;mcderdo01;Doug McDermott;Did Not Play
