dateId;teamId;order;playerId;Starters;MP;FG;FGA;FG%;3P;3PA;3P%;FT;FTA;FT%;ORB;DRB;TRB;AST;STL;BLK;TOV;PF;PTS;+/-
24/02/2023;MIA;0;herroty01;Tyler Herro;28:11;5;15;.333;3;7;.429;1;2;.500;0;5;5;1;0;0;1;2;14;-16
24/02/2023;MIA;1;adebaba01;Bam Adebayo;25:02;8;17;.471;0;1;.000;2;4;.500;1;6;7;1;1;0;2;1;18;-18
24/02/2023;MIA;2;vincega01;Gabe Vincent;23:02;1;6;.167;0;5;.000;0;0;;0;1;1;1;0;0;0;0;2;-13
24/02/2023;MIA;3;loveke01;Kevin Love;21:31;0;4;.000;0;4;.000;0;0;;1;7;8;4;1;1;0;2;0;-9
24/02/2023;MIA;4;butleji01;Jimmy Butler;21:21;8;10;.800;1;1;1.000;6;8;.750;1;1;2;1;0;0;2;1;23;-13
24/02/2023;MIA;5;Reserves;Reserves
24/02/2023;MIA;6;strusma01;Max Strus;26:39;1;7;.143;1;4;.250;2;3;.667;2;2;4;4;0;1;0;3;5;-16
24/02/2023;MIA;7;martica02;Caleb Martin;26:29;5;10;.500;2;5;.400;5;6;.833;1;4;5;1;0;3;0;2;17;-20
24/02/2023;MIA;8;robindu01;Duncan Robinson;19:49;1;6;.167;1;6;.167;0;0;;0;2;2;1;3;0;2;1;3;-13
24/02/2023;MIA;9;oladivi01;Victor Oladipo;19:49;1;7;.143;0;3;.000;0;0;;0;4;4;3;0;0;2;2;2;-16
24/02/2023;MIA;10;zelleco01;Cody Zeller;16:18;4;5;.800;0;0;;2;2;1.000;3;1;4;3;0;0;1;2;10;-5
24/02/2023;MIA;11;highsha01;Haywood Highsmith;6:40;1;3;.333;1;3;.333;0;0;;0;2;2;0;0;0;0;1;3;-6
24/02/2023;MIA;12;cainja01;Jamal Cain;5:09;1;2;.500;0;1;.000;0;0;;0;1;1;1;0;0;0;0;2;0
24/02/2023;MIA;13;hasleud01;Udonis Haslem;Did Not Play
24/02/2023;MIA;0;carteje01;Jevon Carter;33:28;4;17;.235;1;8;.125;2;4;.500;1;7;8;2;1;0;1;1;11;+8
24/02/2023;MIA;1;holidjr01;Jrue Holiday;28:53;9;14;.643;5;9;.556;1;2;.500;0;5;5;7;0;1;0;2;24;+26
24/02/2023;MIA;2;allengr01;Grayson Allen;28:05;5;12;.417;4;8;.500;2;2;1.000;0;1;1;3;0;0;1;2;16;+22
24/02/2023;MIA;3;lopezbr01;Brook Lopez;27:04;7;12;.583;1;2;.500;2;2;1.000;3;4;7;1;0;0;2;4;17;+20
24/02/2023;MIA;4;antetgi01;Giannis Antetokounmpo;6:28;2;4;.500;0;0;;0;0;;0;4;4;4;0;0;0;0;4;+5
24/02/2023;MIA;5;Reserves;Reserves
24/02/2023;MIA;6;portibo01;Bobby Portis;21:48;7;11;.636;1;3;.333;3;3;1.000;2;9;11;1;0;0;0;0;18;+12
24/02/2023;MIA;7;greenaj01;A.J. Green;18:56;2;6;.333;2;5;.400;0;0;;0;1;1;4;1;0;1;2;6;+15
24/02/2023;MIA;8;inglejo01;Joe Ingles;17:55;2;4;.500;0;2;.000;0;0;;0;4;4;0;1;0;1;0;4;+23
24/02/2023;MIA;9;middlkh01;Khris Middleton;17:21;4;8;.500;2;4;.500;2;2;1.000;1;3;4;5;1;0;2;2;12;+17
24/02/2023;MIA;10;crowdja01;Jae Crowder;16:02;3;5;.600;2;2;1.000;1;2;.500;0;3;3;0;1;0;1;1;9;+9
24/02/2023;MIA;11;leoname01;Meyers Leonard;14:53;1;3;.333;1;2;.500;2;2;1.000;2;4;6;0;1;0;1;3;5;0
24/02/2023;MIA;12;beaucma01;MarJon Beauchamp;4:38;0;1;.000;0;1;.000;0;0;;0;2;2;0;0;0;0;1;0;-6
24/02/2023;MIA;13;antetth01;Thanasis Antetokounmpo;4:29;1;1;1.000;0;0;;0;0;;1;0;1;0;0;0;0;0;2;-6
