dateId;teamId;order;playerId;Starters;MP;FG;FGA;FG%;3P;3PA;3P%;FT;FTA;FT%;ORB;DRB;TRB;AST;STL;BLK;TOV;PF;PTS;+/-
28/02/2023;POR;0;grantje01;Jerami Grant;36:57;5;17;.294;1;8;.125;13;15;.867;0;5;5;3;1;0;2;1;24;-17
28/02/2023;POR;1;lillada01;Damian Lillard;35:10;9;21;.429;2;7;.286;5;5;1.000;3;0;3;7;3;0;2;4;25;0
28/02/2023;POR;2;reddica01;Cam Reddish;29:23;4;10;.400;2;7;.286;0;0;;0;2;2;1;0;0;4;1;10;-6
28/02/2023;POR;3;eubandr01;Drew Eubanks;25:13;2;3;.667;0;0;;1;2;.500;1;7;8;4;0;0;1;2;5;-5
28/02/2023;POR;4;thybuma01;Matisse Thybulle;25:01;5;7;.714;5;6;.833;0;0;;3;0;3;0;1;2;0;1;15;-6
28/02/2023;POR;5;Reserves;Reserves
28/02/2023;POR;6;sharpsh01;Shaedon Sharpe;30:39;6;11;.545;1;4;.250;0;0;;1;3;4;1;1;1;0;1;13;-9
28/02/2023;POR;7;watfotr01;Trendon Watford;22:47;1;4;.250;0;1;.000;0;0;;1;6;7;7;2;0;1;2;2;-13
28/02/2023;POR;8;littlna01;Nassir Little;15:14;3;8;.375;1;4;.250;0;0;;0;1;1;0;0;1;0;0;7;-8
28/02/2023;POR;9;johnske07;Keon Johnson;12:50;2;4;.500;0;1;.000;0;0;;0;0;0;3;0;0;3;4;4;-18
28/02/2023;POR;10;knoxke01;Kevin Knox;3:23;0;1;.000;0;1;.000;0;0;;0;0;0;0;0;0;0;0;0;-4
28/02/2023;POR;11;walkeja01;Jabari Walker;3:23;0;0;;0;0;;0;0;;0;0;0;0;0;0;0;1;0;-4
28/02/2023;POR;0;thompkl01;Klay Thompson;34:45;8;21;.381;3;7;.429;4;4;1.000;1;7;8;4;1;0;6;1;23;+7
28/02/2023;POR;1;divindo01;Donte DiVincenzo;32:43;8;11;.727;5;7;.714;0;0;;3;1;4;3;0;0;1;0;21;+15
28/02/2023;POR;2;poolejo01;Jordan Poole;32:37;10;24;.417;3;10;.300;6;7;.857;0;5;5;6;0;0;4;3;29;+25
28/02/2023;POR;3;greendr01;Draymond Green;32:10;4;5;.800;1;2;.500;3;4;.750;0;9;9;8;2;2;3;5;12;+26
28/02/2023;POR;4;looneke01;Kevon Looney;23:26;7;8;.875;0;0;;0;0;;3;4;7;2;0;0;0;2;14;+16
28/02/2023;POR;5;Reserves;Reserves
28/02/2023;POR;6;lamban01;Anthony Lamb;28:19;2;6;.333;0;1;.000;0;0;;2;3;5;4;1;0;1;2;4;+12
28/02/2023;POR;7;kuminjo01;Jonathan Kuminga;25:02;8;10;.800;0;0;;0;1;.000;0;3;3;0;1;0;1;3;16;+4
28/02/2023;POR;8;jeromty01;Ty Jerome;16:56;1;2;.500;0;1;.000;0;0;;1;1;2;6;0;0;0;2;2;-3
28/02/2023;POR;9;baldwpa01;Patrick Baldwin Jr.;6:46;0;2;.000;0;2;.000;0;0;;0;1;1;0;0;0;1;0;0;0
28/02/2023;POR;10;greenja01;JaMychal Green;4:37;1;2;.500;0;0;;0;0;;2;0;2;1;0;0;1;1;2;-11
28/02/2023;POR;11;moodymo01;Moses Moody;2:39;0;0;;0;0;;0;0;;0;0;0;0;0;0;0;0;0;-1
28/02/2023;POR;12;rolliry01;Ryan Rollins;Did Not Dress
