dateId;teamId;order;playerId;Starters;MP;FG;FGA;FG%;3P;3PA;3P%;FT;FTA;FT%;ORB;DRB;TRB;AST;STL;BLK;TOV;PF;PTS;+/-
26/02/2023;TOR;0;anunoog01;OG Anunoby;34:14;3;7;.429;1;2;.500;0;0;;0;1;1;1;1;0;1;4;7;-30
26/02/2023;TOR;1;siakapa01;Pascal Siakam;32:54;10;24;.417;4;7;.571;1;1;1.000;2;6;8;5;0;0;4;2;25;-18
26/02/2023;TOR;2;barnesc01;Scottie Barnes;31:24;5;13;.385;0;1;.000;2;3;.667;1;2;3;5;0;2;2;2;12;-15
26/02/2023;TOR;3;poeltja01;Jakob Poeltl;27:14;5;6;.833;0;0;;3;3;1.000;0;9;9;3;2;1;0;0;13;-16
26/02/2023;TOR;4;trentga02;Gary Trent Jr.;26:57;2;13;.154;1;5;.200;2;2;1.000;3;3;6;1;0;0;0;0;7;-11
26/02/2023;TOR;5;Reserves;Reserves
26/02/2023;TOR;6;bouchch01;Chris Boucher;18:27;2;6;.333;0;2;.000;2;2;1.000;5;1;6;0;0;1;2;2;6;-12
26/02/2023;TOR;7;dowtije01;Jeff Dowtin;17:45;3;7;.429;1;1;1.000;0;0;;0;1;1;2;0;0;2;1;7;-10
26/02/2023;TOR;8;achiupr01;Precious Achiuwa;16:04;3;6;.500;1;1;1.000;0;0;;1;2;3;0;0;0;2;1;7;-10
26/02/2023;TOR;9;flynnma01;Malachi Flynn;9:09;2;3;.667;1;1;1.000;2;4;.500;0;1;1;1;0;0;0;1;7;0
26/02/2023;TOR;10;wieskjo01;Joe Wieskamp;6:42;0;3;.000;0;3;.000;0;0;;0;2;2;0;0;0;0;1;0;-5
26/02/2023;TOR;11;harpero02;Ron Harper Jr.;4:42;1;2;.500;0;1;.000;0;0;;0;0;0;0;0;0;0;0;2;+1
26/02/2023;TOR;12;bantoda01;Dalano Banton;4:42;0;1;.000;0;0;;0;0;;0;1;1;0;1;0;1;1;0;+1
26/02/2023;TOR;13;hernaju01;Juancho Hernangómez;4:42;0;1;.000;0;1;.000;0;0;;0;1;1;1;0;0;0;0;0;+1
26/02/2023;TOR;14;kolokch01;Christian Koloko;4:42;0;1;.000;0;0;;0;0;;1;0;1;0;0;0;0;1;0;+1
26/02/2023;TOR;15;youngth01;Thaddeus Young;0:22;0;0;;0;0;;0;0;;0;0;0;0;0;0;0;0;0;-2
26/02/2023;TOR;0;garlada01;Darius Garland;34:20;6;12;.500;3;4;.750;3;3;1.000;1;2;3;11;0;2;0;1;18;+39
26/02/2023;TOR;1;mobleev01;Evan Mobley;33:22;7;14;.500;2;6;.333;2;4;.500;3;6;9;4;1;1;2;2;18;+22
26/02/2023;TOR;2;allenja01;Jarrett Allen;32:47;10;13;.769;0;1;.000;3;3;1.000;3;8;11;1;0;0;2;0;23;+19
26/02/2023;TOR;3;mitchdo01;Donovan Mitchell;31:08;13;21;.619;8;12;.667;1;1;1.000;1;5;6;4;3;1;3;4;35;+12
26/02/2023;TOR;4;okorois01;Isaac Okoro;20:41;3;3;1.000;2;2;1.000;0;0;;0;2;2;1;0;0;0;0;8;+10
26/02/2023;TOR;5;Reserves;Reserves
26/02/2023;TOR;6;wadede01;Dean Wade;25:09;1;7;.143;1;5;.200;0;0;;0;6;6;2;1;0;0;3;3;+10
26/02/2023;TOR;7;leverca01;Caris LeVert;22:54;2;5;.400;1;2;.500;2;2;1.000;0;3;3;6;1;0;1;1;7;+13
26/02/2023;TOR;8;rubiori01;Ricky Rubio;19:46;0;5;.000;0;2;.000;0;0;;0;1;1;1;1;0;2;4;0;+7
26/02/2023;TOR;9;greenda02;Danny Green;5:46;1;2;.500;1;2;.500;1;1;1.000;0;0;0;0;0;1;2;0;4;-4
26/02/2023;TOR;10;lopezro01;Robin Lopez;4:42;1;1;1.000;0;0;;0;0;;0;0;0;0;0;0;1;0;2;-1
26/02/2023;TOR;11;netora01;Raul Neto;4:42;0;0;;0;0;;0;0;;0;2;2;0;0;0;0;2;0;-1
26/02/2023;TOR;12;stevela01;Lamar Stevens;4:42;0;1;.000;0;0;;0;0;;0;2;2;1;0;0;0;0;0;-1
26/02/2023;TOR;13;osmande01;Cedi Osman;Did Not Play
26/02/2023;TOR;14;windldy01;Dylan Windler;Did Not Play
