dateId;teamId;order;playerId;Starters;MP;FG;FGA;FG%;3P;3PA;3P%;FT;FTA;FT%;ORB;DRB;TRB;AST;STL;BLK;TOV;PF;PTS;+/-
23/05/2023;BOS;0;tatumja01;Jayson Tatum;42:06;14;22;.636;4;9;.444;1;2;.500;1;10;11;7;1;2;5;3;33;+21
23/05/2023;BOS;1;brownja02;Jaylen Brown;37:19;7;16;.438;1;5;.200;2;5;.400;0;4;4;4;2;0;1;5;17;+9
23/05/2023;BOS;2;smartma01;Marcus Smart;35:08;4;11;.364;3;9;.333;0;0;;1;2;3;6;2;0;1;1;11;+15
23/05/2023;BOS;3;whitede01;Derrick White;27:22;5;10;.500;3;7;.429;3;3;1.000;1;1;2;2;2;2;1;3;16;+7
23/05/2023;BOS;4;horfoal01;Al Horford;25:07;4;7;.571;3;6;.500;1;2;.500;1;6;7;4;0;1;0;5;12;+23
23/05/2023;BOS;5;Reserves;Reserves
23/05/2023;BOS;6;willigr01;Grant Williams;29:13;4;7;.571;4;6;.667;2;2;1.000;2;4;6;2;1;1;0;2;14;+15
23/05/2023;BOS;7;williro04;Robert Williams;21:47;3;5;.600;0;1;.000;1;2;.500;0;1;1;0;0;2;1;4;7;-6
23/05/2023;BOS;8;brogdma01;Malcolm Brogdon;16:33;1;5;.200;0;2;.000;0;0;;1;4;5;3;0;0;1;1;2;-1
23/05/2023;BOS;9;pritcpa01;Payton Pritchard;1:06;1;1;1.000;0;0;;2;2;1.000;0;0;0;0;0;0;0;0;4;0
23/05/2023;BOS;10;hausesa01;Sam Hauser;1:06;0;0;;0;0;;0;0;;0;0;0;0;0;0;0;0;0;0
23/05/2023;BOS;11;kornelu01;Luke Kornet;1:06;0;0;;0;0;;0;0;;0;0;0;0;0;0;0;0;0;0
23/05/2023;BOS;12;muscami01;Mike Muscala;1:06;0;0;;0;0;;0;0;;0;0;0;0;0;0;0;0;0;0
23/05/2023;BOS;13;champju01;Justin Champagnie;1:01;0;0;;0;0;;0;0;;0;0;0;0;0;0;0;0;0;+2
23/05/2023;BOS;14;griffbl01;Blake Griffin;Did Not Play
23/05/2023;BOS;0;butleji01;Jimmy Butler;38:49;9;21;.429;1;4;.250;10;12;.833;4;5;9;5;1;1;2;1;29;-20
23/05/2023;BOS;1;strusma01;Max Strus;35:56;4;9;.444;1;5;.200;0;0;;1;6;7;1;0;0;0;1;9;0
23/05/2023;BOS;2;adebaba01;Bam Adebayo;35:07;4;7;.571;0;0;;2;4;.500;1;4;5;0;1;0;4;4;10;-21
23/05/2023;BOS;3;vincega01;Gabe Vincent;27:52;5;10;.500;1;4;.250;6;7;.857;1;0;1;4;0;0;1;4;17;-16
23/05/2023;BOS;4;loveke01;Kevin Love;11:46;2;6;.333;2;4;.500;0;0;;0;4;4;0;1;0;0;1;6;-5
23/05/2023;BOS;5;Reserves;Reserves
23/05/2023;BOS;6;martica02;Caleb Martin;35:14;6;9;.667;2;5;.400;2;2;1.000;0;4;4;1;0;1;2;1;16;-12
23/05/2023;BOS;7;lowryky01;Kyle Lowry;27:44;2;8;.250;1;5;.200;0;0;;3;5;8;6;2;0;4;4;5;0
23/05/2023;BOS;8;zelleco01;Cody Zeller;12:47;1;2;.500;0;0;;3;3;1.000;1;2;3;0;0;0;0;1;5;+4
23/05/2023;BOS;9;robindu01;Duncan Robinson;10:52;1;5;.200;0;4;.000;0;0;;0;1;1;1;0;0;2;1;2;-12
23/05/2023;BOS;10;highsha01;Haywood Highsmith;1:41;0;0;;0;0;;0;0;;0;0;0;0;0;0;0;0;0;-3
23/05/2023;BOS;11;jovicni01;Nikola Jović;1:06;0;1;.000;0;1;.000;0;0;;0;1;1;0;0;0;0;0;0;0
23/05/2023;BOS;12;yurtsom01;Omer Yurtseven;1:06;0;0;;0;0;;0;0;;1;0;1;0;0;0;0;0;0;0
23/05/2023;BOS;13;hasleud01;Udonis Haslem;Did Not Play
