dateId;teamId;order;playerId;Starters;MP;FG;FGA;FG%;3P;3PA;3P%;FT;FTA;FT%;ORB;DRB;TRB;AST;STL;BLK;TOV;PF;PTS;+/-
21/12/2022;DET;0;iveyja01;Jaden Ivey;33:56;7;18;.389;1;3;.333;3;6;.500;2;1;3;1;2;0;3;1;18;-5
21/12/2022;DET;1;hayeski01;Killian Hayes;33:48;6;15;.400;0;2;.000;0;0;;0;2;2;4;1;1;2;1;12;-18
21/12/2022;DET;2;durenja01;Jalen Duren;28:10;3;4;.750;0;0;;1;2;.500;2;6;8;4;0;0;2;2;7;-2
21/12/2022;DET;3;bogdabo02;Bojan Bogdanović;23:31;1;3;.333;0;0;;8;9;.889;1;7;8;0;0;0;2;1;10;-2
21/12/2022;DET;4;stewais01;Isaiah Stewart;21:53;3;7;.429;0;1;.000;0;0;;2;3;5;1;0;0;5;5;6;-11
21/12/2022;DET;5;Reserves;Reserves
21/12/2022;DET;6;beysa01;Saddiq Bey;27:05;4;10;.400;2;5;.400;1;3;.333;2;1;3;1;1;0;2;0;11;-6
21/12/2022;DET;7;baglema01;Marvin Bagley III;19:50;1;5;.200;1;3;.333;7;8;.875;2;8;10;2;0;0;1;2;10;-18
21/12/2022;DET;8;knoxke01;Kevin Knox;17:46;1;5;.200;0;4;.000;0;0;;0;1;1;0;1;0;4;1;2;-19
21/12/2022;DET;9;diallha01;Hamidou Diallo;12:04;2;4;.500;0;0;;3;4;.750;0;4;4;0;0;0;1;0;7;-14
21/12/2022;DET;10;burksal01;Alec Burks;11:57;2;5;.400;1;3;.333;2;2;1.000;0;0;0;1;1;0;0;2;7;-6
21/12/2022;DET;11;mcgruro01;Rodney McGruder;6:27;0;2;.000;0;1;.000;0;0;;0;1;1;0;0;0;0;0;0;+1
21/12/2022;DET;12;josepco01;Cory Joseph;3:33;1;1;1.000;1;1;1.000;0;0;;0;1;1;1;0;0;0;0;3;0
21/12/2022;DET;13;noelne01;Nerlens Noel;Did Not Play
21/12/2022;DET;0;embiijo01;Joel Embiid;34:11;6;16;.375;0;1;.000;10;11;.909;0;10;10;6;0;4;1;3;22;+17
21/12/2022;DET;1;hardeja01;James Harden;32:34;6;14;.429;2;7;.286;1;2;.500;0;2;2;8;1;1;4;2;15;+8
21/12/2022;DET;2;meltode01;De'Anthony Melton;23:59;4;11;.364;2;6;.333;2;2;1.000;2;7;9;3;1;0;0;4;12;+14
21/12/2022;DET;3;harrito02;Tobias Harris;21:08;6;9;.667;2;4;.500;3;3;1.000;2;2;4;1;1;0;1;3;17;0
21/12/2022;DET;4;tuckepj01;P.J. Tucker;21:07;0;3;.000;0;1;.000;0;0;;5;5;10;0;1;0;0;3;0;-3
21/12/2022;DET;5;Reserves;Reserves
21/12/2022;DET;6;miltosh01;Shake Milton;32:12;3;8;.375;1;3;.333;2;2;1.000;0;5;5;5;0;0;1;1;9;+14
21/12/2022;DET;7;niangge01;Georges Niang;26:33;3;12;.250;3;11;.273;2;2;1.000;0;3;3;0;2;0;2;3;11;+19
21/12/2022;DET;8;houseda01;Danuel House Jr.;17:52;4;7;.571;1;4;.250;0;0;;2;1;3;1;0;1;0;2;9;+14
21/12/2022;DET;9;thybuma01;Matisse Thybulle;13:02;3;5;.600;0;0;;0;0;;0;0;0;1;2;0;0;0;6;+14
21/12/2022;DET;10;harremo01;Montrezl Harrell;9:30;5;7;.714;0;0;;0;0;;1;0;1;0;0;1;2;0;10;+1
21/12/2022;DET;11;reedpa01;Paul Reed;4:19;1;1;1.000;0;0;;0;0;;1;1;2;0;0;0;1;2;2;+2
21/12/2022;DET;12;korkmfu01;Furkan Korkmaz;3:33;0;0;;0;0;;0;0;;0;0;0;2;0;0;0;0;0;0
