dateId;teamId;order;playerId;Starters;MP;FG;FGA;FG%;3P;3PA;3P%;FT;FTA;FT%;ORB;DRB;TRB;AST;STL;BLK;TOV;PF;PTS;+/-
07/12/2022;SAC;0;sabondo01;Domantas Sabonis;36:16;9;11;.818;1;1;1.000;4;4;1.000;4;8;12;7;1;0;2;3;23;-16
07/12/2022;SAC;1;barneha02;Harrison Barnes;32:48;6;11;.545;2;6;.333;6;7;.857;0;3;3;2;0;0;0;1;20;-13
07/12/2022;SAC;2;huertke01;Kevin Huerter;32:40;5;9;.556;3;6;.500;0;0;;1;2;3;3;0;0;2;3;13;-19
07/12/2022;SAC;3;foxde01;De'Aaron Fox;32:10;5;16;.313;1;6;.167;4;4;1.000;0;2;2;2;0;1;1;3;15;-1
07/12/2022;SAC;4;murrake02;Keegan Murray;27:07;6;10;.600;3;6;.500;0;0;;1;3;4;1;1;2;0;2;15;-16
07/12/2022;SAC;5;Reserves;Reserves
07/12/2022;SAC;6;monkma01;Malik Monk;28:32;7;19;.368;1;7;.143;1;1;1.000;0;6;6;1;0;0;1;0;16;-1
07/12/2022;SAC;7;mitchda01;Davion Mitchell;20:15;2;5;.400;0;2;.000;0;0;;0;2;2;1;0;1;1;1;4;-10
07/12/2022;SAC;8;metuch01;Chimezie Metu;10:13;2;4;.500;1;2;.500;0;0;;0;3;3;1;0;0;1;2;5;-1
07/12/2022;SAC;9;okpalkz01;KZ Okpala;8:10;0;1;.000;0;1;.000;0;0;;1;1;2;0;0;0;0;2;0;+4
07/12/2022;SAC;10;lylestr01;Trey Lyles;6:35;0;3;.000;0;1;.000;0;0;;1;0;1;0;0;0;0;0;0;0
07/12/2022;SAC;11;holmeri01;Richaun Holmes;1:18;1;1;1.000;0;0;;0;0;;0;0;0;0;0;0;0;0;2;+2
07/12/2022;SAC;12;dellama01;Matthew Dellavedova;1:18;0;0;;0;0;;0;0;;0;0;0;0;0;0;0;0;0;+2
07/12/2022;SAC;13;elliske01;Keon Ellis;1:18;0;0;;0;0;;0;0;;0;1;1;0;0;0;0;0;0;+2
07/12/2022;SAC;14;lenal01;Alex Len;1:18;0;1;.000;0;0;;0;0;;0;1;1;1;0;0;0;0;0;+2
07/12/2022;SAC;0;holidjr01;Jrue Holiday;34:34;12;23;.522;2;4;.500;5;6;.833;1;4;5;6;0;0;1;0;31;+18
07/12/2022;SAC;1;lopezbr01;Brook Lopez;34:02;6;15;.400;2;7;.286;3;3;1.000;6;3;9;3;0;1;0;3;17;+16
07/12/2022;SAC;2;antetgi01;Giannis Antetokounmpo;32:43;12;19;.632;2;2;1.000;9;10;.900;1;5;6;7;1;0;3;4;35;+11
07/12/2022;SAC;3;middlkh01;Khris Middleton;29:11;5;11;.455;2;5;.400;2;2;1.000;1;5;6;6;1;0;1;3;14;+4
07/12/2022;SAC;4;allengr01;Grayson Allen;28:50;4;7;.571;2;4;.500;0;0;;2;4;6;4;0;0;0;2;10;+20
07/12/2022;SAC;5;Reserves;Reserves
07/12/2022;SAC;6;connapa01;Pat Connaughton;24:15;2;7;.286;2;6;.333;0;1;.000;2;4;6;0;0;1;0;2;6;+9
07/12/2022;SAC;7;portibo01;Bobby Portis;19:57;3;5;.600;0;0;;1;2;.500;0;5;5;1;0;0;2;0;7;-2
07/12/2022;SAC;8;carteje01;Jevon Carter;18:36;1;4;.250;1;2;.500;0;0;;3;2;5;4;1;0;0;0;3;-5
07/12/2022;SAC;9;hillge01;George Hill;13:55;1;4;.250;1;3;.333;0;0;;1;1;2;3;0;0;0;1;3;0
07/12/2022;SAC;10;antetth01;Thanasis Antetokounmpo;1:18;0;0;;0;0;;0;0;;0;0;0;0;0;0;0;0;0;-2
07/12/2022;SAC;11;greenaj01;A.J. Green;1:18;0;0;;0;0;;0;0;;0;0;0;0;0;0;0;0;0;-2
07/12/2022;SAC;12;mamuksa01;Sandro Mamukelashvili;1:18;0;1;.000;0;0;;0;0;;0;0;0;0;0;0;0;0;0;-2
07/12/2022;SAC;13;beaucma01;MarJon Beauchamp;Did Not Play
07/12/2022;SAC;14;ibakase01;Serge Ibaka;Did Not Play
07/12/2022;SAC;15;nworajo01;Jordan Nwora;Did Not Play
