dateId;teamId;order;playerId;Starters;MP;FG;FGA;FG%;3P;3PA;3P%;FT;FTA;FT%;ORB;DRB;TRB;AST;STL;BLK;TOV;PF;PTS;+/-
15/03/2023;MEM;0;jonesty01;Tyus Jones;28:16;5;10;.500;1;4;.250;0;0;;0;4;4;5;0;0;3;1;11;-23
15/03/2023;MEM;1;jacksja02;Jaren Jackson Jr.;28:10;10;15;.667;4;7;.571;1;3;.333;3;6;9;1;2;1;1;2;25;-23
15/03/2023;MEM;2;brookdi01;Dillon Brooks;26:30;3;7;.429;1;4;.250;0;1;.000;0;2;2;1;0;0;3;3;7;-18
15/03/2023;MEM;3;tillmxa01;Xavier Tillman Sr.;22:51;4;6;.667;0;0;;0;0;;1;2;3;3;0;0;0;2;8;-10
15/03/2023;MEM;4;banede01;Desmond Bane;21:54;4;11;.364;2;7;.286;1;1;1.000;0;4;4;3;1;0;5;3;11;-7
15/03/2023;MEM;5;Reserves;Reserves
15/03/2023;MEM;6;konchjo01;John Konchar;22:06;1;5;.200;1;4;.250;0;0;;2;2;4;4;1;0;1;2;3;-5
15/03/2023;MEM;7;aldamsa01;Santi Aldama;20:47;2;8;.250;0;5;.000;1;2;.500;3;1;4;4;0;0;0;0;5;-8
15/03/2023;MEM;8;kennalu01;Luke Kennard;19:43;4;6;.667;4;5;.800;2;2;1.000;0;2;2;1;1;0;0;2;14;-1
15/03/2023;MEM;9;roddyda01;David Roddy;17:51;2;7;.286;2;5;.400;2;2;1.000;1;1;2;1;0;0;0;1;8;-22
15/03/2023;MEM;10;willizi02;Ziaire Williams;12:00;5;8;.625;1;3;.333;1;1;1.000;1;1;2;1;1;0;2;1;12;+9
15/03/2023;MEM;11;loftoke01;Kenneth Lofton Jr.;12:00;4;6;.667;2;2;1.000;0;0;;1;2;3;2;0;0;1;3;10;+9
15/03/2023;MEM;12;chandke01;Kennedy Chandler;7:52;2;2;1.000;0;0;;1;2;.500;0;0;0;3;0;0;0;0;5;+4
15/03/2023;MEM;0;herroty01;Tyler Herro;33:33;9;14;.643;2;6;.333;4;4;1.000;0;4;4;6;1;0;2;2;24;+15
15/03/2023;MEM;1;adebaba01;Bam Adebayo;33:11;10;15;.667;0;0;;6;8;.750;2;6;8;3;0;3;3;3;26;+20
15/03/2023;MEM;2;butleji01;Jimmy Butler;27:53;6;11;.545;0;0;;11;12;.917;3;5;8;6;2;1;1;0;23;+17
15/03/2023;MEM;3;vincega01;Gabe Vincent;21:53;4;5;.800;2;2;1.000;0;0;;0;1;1;1;2;0;2;1;10;+4
15/03/2023;MEM;4;loveke01;Kevin Love;18:16;3;7;.429;3;7;.429;1;2;.500;0;6;6;3;0;0;2;2;10;+3
15/03/2023;MEM;5;Reserves;Reserves
15/03/2023;MEM;6;strusma01;Max Strus;32:34;4;11;.364;2;6;.333;2;2;1.000;0;2;2;6;0;0;0;1;12;+18
15/03/2023;MEM;7;martica02;Caleb Martin;29:44;4;5;.800;2;3;.667;1;1;1.000;1;2;3;1;2;0;1;1;11;+16
15/03/2023;MEM;8;lowryky01;Kyle Lowry;20:04;3;4;.750;2;3;.667;0;0;;0;4;4;4;0;0;2;2;8;+14
15/03/2023;MEM;9;highsha01;Haywood Highsmith;12:38;3;4;.750;0;1;.000;1;2;.500;2;2;4;3;1;0;0;1;7;+1
15/03/2023;MEM;10;yurtsom01;Omer Yurtseven;6:55;2;3;.667;0;0;;1;2;.500;0;0;0;0;0;1;0;3;5;-8
15/03/2023;MEM;11;robindu01;Duncan Robinson;3:19;1;3;.333;0;1;.000;0;0;;0;1;1;0;0;0;0;0;2;-5
15/03/2023;MEM;12;hasleud01;Udonis Haslem;Did Not Play
15/03/2023;MEM;13;oladivi01;Victor Oladipo;Did Not Play
