dateId;teamId;order;playerId;Starters;MP;FG;FGA;FG%;3P;3PA;3P%;FT;FTA;FT%;ORB;DRB;TRB;AST;STL;BLK;TOV;PF;PTS;+/-
15/02/2023;DET;0;bogdabo02;Bojan Bogdanović;32:37;12;17;.706;1;3;.333;3;4;.750;1;4;5;2;0;0;4;2;28;-10
15/02/2023;DET;1;hayeski01;Killian Hayes;30:12;3;11;.273;2;7;.286;2;2;1.000;0;2;2;9;2;0;1;1;10;-6
15/02/2023;DET;2;iveyja01;Jaden Ivey;26:29;7;13;.538;1;5;.200;2;4;.500;2;3;5;4;1;0;3;3;17;-7
15/02/2023;DET;3;stewais01;Isaiah Stewart;26:20;5;8;.625;4;6;.667;0;0;;1;5;6;0;0;1;2;1;14;0
15/02/2023;DET;4;durenja01;Jalen Duren;24:30;1;3;.333;0;0;;0;0;;0;8;8;1;0;0;1;2;2;-9
15/02/2023;DET;5;Reserves;Reserves
15/02/2023;DET;6;wisemja01;James Wiseman;23:30;5;9;.556;0;1;.000;1;2;.500;2;3;5;0;0;0;0;1;11;-9
15/02/2023;DET;7;liveris01;Isaiah Livers;21:40;0;1;.000;0;0;;0;0;;0;2;2;1;1;0;0;1;0;-18
15/02/2023;DET;8;burksal01;Alec Burks;19:56;2;7;.286;1;2;.500;2;2;1.000;0;1;1;3;0;1;1;2;7;-9
15/02/2023;DET;9;josepco01;Cory Joseph;16:55;3;6;.500;2;4;.500;0;0;;0;0;0;4;1;1;1;1;8;-9
15/02/2023;DET;10;diallha01;Hamidou Diallo;15:42;5;8;.625;0;0;;0;0;;0;1;1;0;0;0;1;2;10;-16
15/02/2023;DET;11;umudest01;Stanley Umude;2:07;0;1;.000;0;1;.000;2;2;1.000;0;0;0;0;1;1;0;0;2;+3
15/02/2023;DET;12;mcgruro01;Rodney McGruder;Did Not Play
15/02/2023;DET;0;tatumja01;Jayson Tatum;34:02;15;24;.625;6;10;.600;2;2;1.000;0;9;9;7;0;0;4;3;38;+1
15/02/2023;DET;1;smartma01;Marcus Smart;29:04;4;6;.667;1;3;.333;0;0;;0;7;7;6;6;0;2;1;9;+9
15/02/2023;DET;2;griffbl01;Blake Griffin;28:46;4;10;.400;1;3;.333;0;0;;3;2;5;1;1;1;2;6;9;+14
15/02/2023;DET;3;horfoal01;Al Horford;27:31;4;9;.444;2;5;.400;1;2;.500;2;5;7;0;0;0;1;1;11;+10
15/02/2023;DET;4;whitede01;Derrick White;26:32;3;11;.273;2;6;.333;3;4;.750;1;3;4;6;2;1;0;1;11;+12
15/02/2023;DET;5;Reserves;Reserves
15/02/2023;DET;6;brogdma01;Malcolm Brogdon;28:51;10;14;.714;5;8;.625;0;0;;0;3;3;6;0;0;0;3;25;+20
15/02/2023;DET;7;hausesa01;Sam Hauser;22:24;2;4;.500;1;3;.333;0;0;;0;2;2;1;1;0;0;0;5;+15
15/02/2023;DET;8;willigr01;Grant Williams;20:29;3;6;.500;3;6;.500;0;0;;1;3;4;2;0;0;2;1;9;+8
15/02/2023;DET;9;kornelu01;Luke Kornet;20:14;3;5;.600;0;0;;2;2;1.000;1;1;2;1;0;3;0;2;8;+4
15/02/2023;DET;10;davisjd01;JD Davison;2:07;1;3;.333;0;1;.000;0;0;;0;0;0;0;0;0;0;0;2;-3
15/02/2023;DET;11;pritcpa01;Payton Pritchard;Did Not Play
