dateId;teamId;order;playerId;Starters;MP;FG;FGA;FG%;3P;3PA;3P%;FT;FTA;FT%;ORB;DRB;TRB;AST;STL;BLK;TOV;PF;PTS;+/-
30/10/2022;MIN;0;edwaran01;Anthony Edwards;36:18;7;18;.389;1;4;.250;3;3;1.000;0;2;2;6;2;1;1;4;18;-3
30/10/2022;MIN;1;mcdanja02;Jaden McDaniels;35:24;3;7;.429;0;2;.000;1;2;.500;1;2;3;1;3;1;2;3;7;-8
30/10/2022;MIN;2;townska01;Karl-Anthony Towns;34:18;10;19;.526;1;7;.143;5;8;.625;3;8;11;4;1;2;3;3;26;-22
30/10/2022;MIN;3;russeda01;D'Angelo Russell;27:50;5;17;.294;0;7;.000;0;0;;2;3;5;4;0;1;2;4;10;0
30/10/2022;MIN;4;goberru01;Rudy Gobert;27:22;4;11;.364;0;0;;1;3;.333;6;6;12;0;1;2;1;2;9;-10
30/10/2022;MIN;5;Reserves;Reserves
30/10/2022;MIN;6;princta02;Taurean Prince;23:23;4;5;.800;1;2;.500;0;0;;0;2;2;1;1;0;1;3;9;+6
30/10/2022;MIN;7;forbebr01;Bryn Forbes;19:19;1;6;.167;0;2;.000;2;2;1.000;2;1;3;1;2;0;1;0;4;-6
30/10/2022;MIN;8;anderky01;Kyle Anderson;12:30;0;0;;0;0;;2;2;1.000;1;3;4;4;0;0;0;3;2;-3
30/10/2022;MIN;9;nowelja01;Jaylen Nowell;10:19;1;8;.125;0;3;.000;0;0;;0;0;0;0;0;0;0;1;2;-8
30/10/2022;MIN;10;reidna01;Naz Reid;8:33;5;7;.714;1;2;.500;0;0;;1;1;2;0;1;0;0;0;11;+12
30/10/2022;MIN;11;riverau01;Austin Rivers;4:44;0;1;.000;0;0;;0;0;;0;1;1;0;0;0;0;0;0;-3
30/10/2022;MIN;12;knighna01;Nathan Knight;Did Not Play
30/10/2022;MIN;0;johnske04;Keldon Johnson;38:03;8;15;.533;5;10;.500;4;4;1.000;0;6;6;8;1;1;5;1;25;+20
30/10/2022;MIN;1;langfro01;Romeo Langford;34:17;3;7;.429;0;2;.000;1;2;.500;4;3;7;1;2;1;1;1;7;-9
30/10/2022;MIN;2;poeltja01;Jakob Poeltl;33:30;2;2;1.000;0;0;;0;0;;1;13;14;4;2;3;3;3;4;-4
30/10/2022;MIN;3;jonestr01;Tre Jones;31:30;2;12;.167;1;2;.500;5;7;.714;1;1;2;8;0;0;2;3;10;+6
30/10/2022;MIN;4;bateske01;Keita Bates-Diop;22:57;6;15;.400;1;5;.200;5;5;1.000;2;4;6;1;0;0;4;4;18;-1
30/10/2022;MIN;5;Reserves;Reserves
30/10/2022;MIN;6;mcderdo01;Doug McDermott;25:26;8;16;.500;7;14;.500;0;0;;0;3;3;1;0;1;1;3;23;+3
30/10/2022;MIN;7;colliza01;Zach Collins;22:44;4;8;.500;1;2;.500;0;1;.000;2;4;6;2;1;1;2;5;9;+21
30/10/2022;MIN;8;branhma01;Malaki Branham;19:00;1;7;.143;1;4;.250;2;2;1.000;1;1;2;2;0;0;0;1;5;+2
30/10/2022;MIN;9;weslebl01;Blake Wesley;8:14;2;3;.667;0;0;;2;4;.500;1;1;2;0;0;0;1;0;6;+8
30/10/2022;MIN;10;dienggo01;Gorgui Dieng;4:19;0;1;.000;0;1;.000;0;0;;2;2;4;0;0;0;0;0;0;-1
30/10/2022;MIN;11;robyis01;Isaiah Roby;Did Not Play
