dateId;teamId;order;playerId;Starters;MP;FG;FGA;FG%;3P;3PA;3P%;FT;FTA;FT%;ORB;DRB;TRB;AST;STL;BLK;TOV;PF;PTS;+/-
27/03/2023;NOP;0;ingrabr01;Brandon Ingram;31:17;12;19;.632;1;2;.500;4;5;.800;1;5;6;4;1;0;4;0;29;+34
27/03/2023;NOP;1;valanjo01;Jonas Valančiūnas;29:44;4;6;.667;0;0;;2;4;.500;4;17;21;0;0;2;5;5;10;+28
27/03/2023;NOP;2;murphtr02;Trey Murphy III;27:34;5;11;.455;1;7;.143;5;5;1.000;0;2;2;1;1;0;2;3;16;+10
27/03/2023;NOP;3;joneshe01;Herbert Jones;26:03;3;4;.750;0;0;;1;1;1.000;1;1;2;4;0;0;1;0;7;+32
27/03/2023;NOP;4;mccolcj01;CJ McCollum;25:23;7;15;.467;3;7;.429;0;0;;0;1;1;8;2;2;1;1;17;+23
27/03/2023;NOP;5;Reserves;Reserves
27/03/2023;NOP;6;daniedy01;Dyson Daniels;22:37;3;8;.375;2;3;.667;0;0;;0;3;3;4;0;0;1;3;8;+11
27/03/2023;NOP;7;richajo01;Josh Richardson;22:24;4;5;.800;2;3;.667;0;0;;0;3;3;1;0;1;1;0;10;+18
27/03/2023;NOP;8;marshna01;Naji Marshall;18:42;3;7;.429;0;1;.000;2;2;1.000;2;3;5;4;0;0;0;1;8;-3
27/03/2023;NOP;9;nancela02;Larry Nance Jr.;11:19;1;1;1.000;0;0;;0;0;;0;3;3;0;0;0;0;1;2;+3
27/03/2023;NOP;10;lewiski01;Kira Lewis Jr.;6:57;2;2;1.000;2;2;1.000;0;0;;0;0;0;3;1;0;0;0;6;+3
27/03/2023;NOP;11;templga01;Garrett Temple;6:57;2;2;1.000;1;1;1.000;0;0;;0;2;2;1;0;1;0;1;5;+3
27/03/2023;NOP;12;hernawi01;Willy Hernangómez;6:57;2;3;.667;0;0;;0;0;;0;3;3;1;0;0;0;1;4;+3
27/03/2023;NOP;13;hayesja02;Jaxson Hayes;4:06;1;3;.333;0;2;.000;0;0;;0;2;2;0;0;0;1;0;2;+5
27/03/2023;NOP;14;seabrde01;Dereon Seabron;Did Not Play
27/03/2023;NOP;0;sharpsh01;Shaedon Sharpe;34:54;5;13;.385;1;4;.250;1;1;1.000;1;7;8;1;1;0;2;4;12;-36
27/03/2023;NOP;1;eubandr01;Drew Eubanks;23:11;4;8;.500;0;1;.000;4;4;1.000;2;1;3;1;1;1;2;2;12;-17
27/03/2023;NOP;2;littlna01;Nassir Little;20:06;3;10;.300;1;5;.200;0;0;;1;1;2;3;2;0;1;2;7;-11
27/03/2023;NOP;3;arcidry01;Ryan Arcidiacono;16:36;1;4;.250;1;2;.500;0;0;;0;2;2;1;0;0;1;1;3;-7
27/03/2023;NOP;4;thybuma01;Matisse Thybulle;14:08;1;4;.250;0;2;.000;1;2;.500;0;1;1;0;0;1;0;0;3;-9
27/03/2023;NOP;5;Reserves;Reserves
27/03/2023;NOP;6;knoxke01;Kevin Knox;32:27;6;15;.400;1;7;.143;2;2;1.000;1;4;5;3;1;0;1;1;15;-15
27/03/2023;NOP;7;johnske07;Keon Johnson;31:24;7;15;.467;3;7;.429;3;4;.750;0;3;3;6;0;0;4;1;20;-27
27/03/2023;NOP;8;reddica01;Cam Reddish;25:48;5;9;.556;0;2;.000;1;1;1.000;0;1;1;0;0;0;1;1;11;-24
27/03/2023;NOP;9;walkeja01;Jabari Walker;24:49;3;9;.333;0;1;.000;1;1;1.000;1;2;3;0;1;0;0;1;7;-17
27/03/2023;NOP;10;butlejo01;John Butler;16:37;0;3;.000;0;2;.000;0;0;;0;1;1;0;0;0;0;3;0;-7
27/03/2023;NOP;11;watfotr01;Trendon Watford;Did Not Dress
