dateId;teamId;order;playerId;Starters;MP;FG;FGA;FG%;3P;3PA;3P%;FT;FTA;FT%;ORB;DRB;TRB;AST;STL;BLK;TOV;PF;PTS;+/-
10/05/2023;LAL;0;jamesle01;LeBron James;39:10;9;17;.529;3;7;.429;4;4;1.000;1;8;9;3;2;1;4;3;25;-16
10/05/2023;LAL;1;reaveau01;Austin Reaves;35:36;5;12;.417;3;6;.500;2;2;1.000;2;5;7;5;1;0;1;0;15;-21
10/05/2023;LAL;2;davisan02;Anthony Davis;32:18;10;18;.556;0;0;;3;5;.600;0;9;9;3;0;0;3;4;23;-22
10/05/2023;LAL;3;russeda01;D'Angelo Russell;30:00;6;10;.600;1;2;.500;2;2;1.000;1;3;4;2;1;1;2;3;15;-9
10/05/2023;LAL;4;vandeja01;Jarred Vanderbilt;10:58;0;2;.000;0;2;.000;0;0;;0;1;1;0;1;1;0;3;0;-16
10/05/2023;LAL;5;Reserves;Reserves
10/05/2023;LAL;6;schrode01;Dennis Schröder;28:53;6;11;.545;2;5;.400;0;0;;0;2;2;4;0;0;2;3;14;+14
10/05/2023;LAL;7;walkelo01;Lonnie Walker IV;28:19;2;6;.333;0;2;.000;0;0;;0;0;0;4;0;0;1;1;4;-7
10/05/2023;LAL;8;hachiru01;Rui Hachimura;20:51;2;3;.667;0;1;.000;0;0;;0;2;2;1;1;0;1;0;4;+7
10/05/2023;LAL;9;beaslma01;Malik Beasley;2:47;1;2;.500;1;2;.500;0;0;;0;0;0;0;0;0;0;0;3;-1
10/05/2023;LAL;10;browntr01;Troy Brown Jr.;2:47;1;3;.333;0;0;;0;0;;0;0;0;0;0;0;0;0;2;-1
10/05/2023;LAL;11;gabriwe01;Wenyen Gabriel;2:47;0;2;.000;0;0;;1;2;.500;3;0;3;0;0;1;0;0;1;-1
10/05/2023;LAL;12;chrisma02;Max Christie;2:47;0;1;.000;0;0;;0;0;;0;0;0;0;0;0;0;0;0;-1
10/05/2023;LAL;13;harrish01;Shaquille Harrison;2:47;0;0;;0;0;;0;0;;0;1;1;2;0;0;0;0;0;-1
10/05/2023;LAL;14;thomptr01;Tristan Thompson;Did Not Play
10/05/2023;LAL;0;curryst01;Stephen Curry;39:20;12;24;.500;3;11;.273;0;0;;0;3;3;8;0;1;2;0;27;+12
10/05/2023;LAL;1;thompkl01;Klay Thompson;37:12;3;12;.250;2;6;.333;2;2;1.000;0;6;6;2;1;2;2;1;10;+16
10/05/2023;LAL;2;wiggian01;Andrew Wiggins;35:43;10;18;.556;2;5;.400;3;3;1.000;1;6;7;5;1;0;1;2;25;+16
10/05/2023;LAL;3;greendr01;Draymond Green;29:43;7;11;.636;1;2;.500;5;5;1.000;1;9;10;4;2;1;5;3;20;+13
10/05/2023;LAL;4;paytoga02;Gary Payton II;27:27;4;5;.800;1;2;.500;4;5;.800;3;3;6;1;1;0;2;4;13;+25
10/05/2023;LAL;5;Reserves;Reserves
10/05/2023;LAL;6;poolejo01;Jordan Poole;22:58;5;14;.357;1;6;.167;0;0;;0;1;1;4;0;0;0;3;11;-1
10/05/2023;LAL;7;looneke01;Kevon Looney;20:16;2;2;1.000;0;0;;0;0;;4;4;8;2;2;1;0;3;4;-7
10/05/2023;LAL;8;divindo01;Donte DiVincenzo;12:50;0;1;.000;0;0;;0;0;;0;2;2;2;1;0;2;1;0;-2
10/05/2023;LAL;9;moodymo01;Moses Moody;9:43;2;3;.667;2;2;1.000;0;0;;0;4;4;0;0;0;0;0;6;+1
10/05/2023;LAL;10;kuminjo01;Jonathan Kuminga;2:24;2;2;1.000;1;1;1.000;0;0;;0;1;1;1;0;0;0;0;5;+1
10/05/2023;LAL;11;lamban01;Anthony Lamb;2:24;0;0;;0;0;;0;0;;0;0;0;0;0;0;0;1;0;+1
10/05/2023;LAL;12;greenja01;JaMychal Green;Did Not Play
