dateId;teamId;order;playerId;Starters;MP;FG;FGA;FG%;3P;3PA;3P%;FT;FTA;FT%;ORB;DRB;TRB;AST;STL;BLK;TOV;PF;PTS;+/-
30/11/2022;HOU;0;greenja05;Jalen Green;34:54;6;16;.375;1;7;.143;3;5;.600;1;2;3;3;0;0;2;1;16;-16
30/11/2022;HOU;1;porteke02;Kevin Porter Jr.;32:03;8;18;.444;5;7;.714;2;2;1.000;2;4;6;5;1;0;3;5;23;-14
30/11/2022;HOU;2;smithja05;Jabari Smith Jr.;31:00;5;12;.417;3;6;.500;0;0;;0;4;4;2;1;1;1;4;13;-15
30/11/2022;HOU;3;sengual01;Alperen Şengün;29:28;8;12;.667;0;2;.000;2;2;1.000;3;8;11;1;0;0;2;3;18;-4
30/11/2022;HOU;4;gordoer01;Eric Gordon;18:32;1;4;.250;0;3;.000;0;0;;0;0;0;0;0;0;3;0;2;-11
30/11/2022;HOU;5;Reserves;Reserves
30/11/2022;HOU;6;mathega01;Garrison Mathews;20:36;2;4;.500;2;4;.500;0;0;;0;1;1;0;0;0;0;2;6;0
30/11/2022;HOU;7;martike04;Kenyon Martin Jr.;18:52;1;3;.333;0;1;.000;1;2;.500;0;2;2;2;0;0;0;0;3;-16
30/11/2022;HOU;8;nixda01;Daishen Nix;15:57;3;7;.429;1;5;.200;0;0;;1;2;3;2;0;0;1;0;7;-6
30/11/2022;HOU;9;garubus01;Usman Garuba;14:47;1;3;.333;0;2;.000;0;1;.000;0;2;2;1;1;2;1;2;2;-11
30/11/2022;HOU;10;easonta01;Tari Eason;13:59;0;5;.000;0;4;.000;4;4;1.000;2;3;5;2;1;1;0;2;4;-8
30/11/2022;HOU;11;fernabr01;Bruno Fernando;6:46;0;2;.000;0;0;;2;2;1.000;1;1;2;0;0;2;0;1;2;-2
30/11/2022;HOU;12;chrisjo01;Josh Christopher;3:06;2;2;1.000;0;0;;0;0;;0;0;0;0;1;0;1;0;4;+3
30/11/2022;HOU;13;marjabo01;Boban Marjanović;Did Not Play
30/11/2022;HOU;0;brownbr01;Bruce Brown;34:23;6;13;.462;4;7;.571;2;2;1.000;0;5;5;4;2;0;1;3;18;+12
30/11/2022;HOU;1;gordoaa01;Aaron Gordon;31:15;7;12;.583;2;4;.500;4;7;.571;2;4;6;2;0;1;1;2;20;+12
30/11/2022;HOU;2;murraja01;Jamal Murray;30:38;9;15;.600;4;6;.667;4;5;.800;1;3;4;2;0;0;0;2;26;+8
30/11/2022;HOU;3;jokicni01;Nikola Jokić;27:33;7;9;.778;2;3;.667;1;1;1.000;1;8;9;12;1;1;4;5;17;+10
30/11/2022;HOU;4;caldwke01;Kentavious Caldwell-Pope;24:55;2;7;.286;1;3;.333;0;0;;0;1;1;2;2;1;1;1;5;+8
30/11/2022;HOU;5;Reserves;Reserves
30/11/2022;HOU;6;smithis01;Ish Smith;22:58;3;10;.300;0;1;.000;0;0;;0;2;2;7;0;2;0;0;6;+19
30/11/2022;HOU;7;cancavl01;Vlatko Čančar;21:14;5;6;.833;3;4;.750;0;0;;1;4;5;0;0;0;1;2;13;+18
30/11/2022;HOU;8;reedda01;Davon Reed;20:30;2;6;.333;1;4;.250;2;2;1.000;0;2;2;0;1;1;0;3;7;+9
30/11/2022;HOU;9;jordade01;DeAndre Jordan;18:37;3;4;.750;0;0;;2;3;.667;2;4;6;1;0;2;2;3;8;+14
30/11/2022;HOU;10;braunch01;Christian Braun;3:06;0;1;.000;0;0;;0;0;;0;1;1;0;0;0;0;0;0;-3
30/11/2022;HOU;11;nnajize01;Zeke Nnaji;3:06;0;0;;0;0;;0;0;;1;0;1;0;0;0;1;0;0;-3
30/11/2022;HOU;12;whiteja03;Jack White;1:45;0;0;;0;0;;0;0;;0;0;0;0;0;0;0;0;0;-4
30/11/2022;HOU;13;hylanbo01;Bones Hyland;Did Not Play
