dateId;teamId;order;playerId;Starters;MP;FG;FGA;FG%;3P;3PA;3P%;FT;FTA;FT%;ORB;DRB;TRB;AST;STL;BLK;TOV;PF;PTS;+/-
02/01/2023;SAS;0;vassede01;Devin Vassell;25:49;5;13;.385;3;7;.429;1;2;.500;0;2;2;3;0;0;1;0;14;-28
02/01/2023;SAS;1;johnske04;Keldon Johnson;24:54;7;13;.538;2;6;.333;6;7;.857;0;4;4;1;0;1;3;2;22;-21
02/01/2023;SAS;2;jonestr01;Tre Jones;22:50;3;8;.375;0;3;.000;0;0;;0;1;1;7;2;0;1;0;6;-20
02/01/2023;SAS;3;sochaje01;Jeremy Sochan;21:39;2;4;.500;0;1;.000;1;1;1.000;1;2;3;1;1;0;3;3;5;-13
02/01/2023;SAS;4;poeltja01;Jakob Poeltl;19:42;3;8;.375;0;0;;0;1;.000;6;5;11;2;1;1;2;0;6;-16
02/01/2023;SAS;5;Reserves;Reserves
02/01/2023;SAS;6;branhma01;Malaki Branham;25:39;4;10;.400;1;4;.250;0;0;;0;2;2;3;0;0;3;1;9;-21
02/01/2023;SAS;7;richajo01;Josh Richardson;21:37;5;9;.556;1;2;.500;0;0;;2;2;4;3;0;0;0;2;11;-10
02/01/2023;SAS;8;colliza01;Zach Collins;18:37;4;10;.400;0;1;.000;2;3;.667;1;1;2;0;0;1;1;1;10;-13
02/01/2023;SAS;9;langfro01;Romeo Langford;16:46;4;8;.500;0;0;;0;0;;2;1;3;0;1;0;1;0;8;-7
02/01/2023;SAS;10;robyis01;Isaiah Roby;14:45;2;5;.400;0;2;.000;1;4;.250;1;3;4;0;0;0;1;2;5;-6
02/01/2023;SAS;11;dienggo01;Gorgui Dieng;9:41;2;4;.500;1;2;.500;0;0;;2;1;3;4;0;1;0;1;5;-7
02/01/2023;SAS;12;mcderdo01;Doug McDermott;9:25;0;4;.000;0;3;.000;0;0;;0;4;4;1;0;0;1;1;0;-11
02/01/2023;SAS;13;johnsst04;Stanley Johnson;8:36;1;1;1.000;0;0;;0;0;;0;0;0;1;0;0;1;0;2;-7
02/01/2023;SAS;0;duranke01;Kevin Durant;28:40;10;14;.714;0;1;.000;5;5;1.000;0;3;3;11;3;1;2;1;25;+21
02/01/2023;SAS;1;irvinky01;Kyrie Irving;28:35;11;14;.786;4;5;.800;1;2;.500;2;6;8;0;1;1;1;2;27;+28
02/01/2023;SAS;2;simmobe01;Ben Simmons;23:54;2;5;.400;0;0;;0;0;;0;6;6;9;3;0;0;3;4;+22
02/01/2023;SAS;3;curryse01;Seth Curry;22:02;6;12;.500;4;7;.571;0;0;;0;4;4;1;1;0;0;0;16;+24
02/01/2023;SAS;4;claxtni01;Nic Claxton;20:05;5;8;.625;0;0;;0;0;;1;4;5;1;0;3;2;1;10;+18
02/01/2023;SAS;5;Reserves;Reserves
02/01/2023;SAS;6;warretj01;T.J. Warren;23:06;9;13;.692;0;0;;0;0;;0;1;1;0;2;2;1;1;18;+10
02/01/2023;SAS;7;millspa02;Patty Mills;23:02;1;4;.250;0;3;.000;0;0;;0;2;2;3;1;0;2;1;2;+11
02/01/2023;SAS;8;sharpda01;Day'Ron Sharpe;20:35;4;9;.444;0;0;;1;2;.500;3;2;5;3;0;0;3;3;9;+10
02/01/2023;SAS;9;harrijo01;Joe Harris;15:43;3;4;.750;1;2;.500;1;2;.500;0;2;2;0;1;0;0;2;8;+10
02/01/2023;SAS;10;watanyu01;Yuta Watanabe;12:13;2;3;.667;1;1;1.000;2;2;1.000;1;4;5;0;0;0;1;0;7;+12
02/01/2023;SAS;11;thomaca02;Cam Thomas;12:00;4;5;.800;1;1;1.000;0;0;;0;2;2;2;0;0;0;1;9;+7
02/01/2023;SAS;12;sumneed01;Edmond Sumner;10:05;1;2;.500;0;0;;2;2;1.000;0;2;2;1;1;0;0;1;4;+7
02/01/2023;SAS;13;onealro01;Royce O'Neale;Did Not Dress
