dateId;teamId;order;playerId;Starters;MP;FG;FGA;FG%;3P;3PA;3P%;FT;FTA;FT%;ORB;DRB;TRB;AST;STL;BLK;TOV;PF;PTS;+/-
23/11/2022;POR;0;simonan01;Anfernee Simons;38:04;6;18;.333;4;9;.444;4;4;1.000;0;2;2;6;0;0;5;3;20;+1
23/11/2022;POR;1;grantje01;Jerami Grant;36:09;6;12;.500;5;8;.625;4;4;1.000;0;3;3;3;3;0;4;1;21;-19
23/11/2022;POR;2;hartjo01;Josh Hart;32:34;3;5;.600;0;1;.000;2;2;1.000;0;3;3;9;1;0;3;5;8;+6
23/11/2022;POR;3;nurkiju01;Jusuf Nurkić;28:15;9;14;.643;2;3;.667;2;2;1.000;3;3;6;1;3;0;3;5;22;-9
23/11/2022;POR;4;winslju01;Justise Winslow;28:02;2;10;.200;1;3;.333;0;0;;2;2;4;6;2;1;0;3;5;-21
23/11/2022;POR;5;Reserves;Reserves
23/11/2022;POR;6;littlna01;Nassir Little;22:26;2;7;.286;1;4;.250;0;0;;1;1;2;1;0;0;1;3;5;-11
23/11/2022;POR;7;eubandr01;Drew Eubanks;17:03;5;5;1.000;0;0;;0;0;;3;3;6;1;0;3;0;2;10;-6
23/11/2022;POR;8;watfotr01;Trendon Watford;17:00;2;3;.667;0;0;;1;1;1.000;1;4;5;0;0;0;0;1;5;-10
23/11/2022;POR;9;sharpsh01;Shaedon Sharpe;15:03;0;2;.000;0;2;.000;0;0;;0;0;0;0;0;0;0;1;0;-15
23/11/2022;POR;10;butlejo01;John Butler;2:42;0;1;.000;0;1;.000;0;0;;1;0;1;1;0;0;0;0;0;-3
23/11/2022;POR;11;walkeja01;Jabari Walker;2:42;0;1;.000;0;0;;0;0;;0;0;0;0;0;0;0;0;0;-3
23/11/2022;POR;12;lillada01;Damian Lillard;Did Not Dress
23/11/2022;POR;0;allenja01;Jarrett Allen;36:04;10;12;.833;0;0;;4;4;1.000;5;8;13;2;1;0;6;3;24;+19
23/11/2022;POR;1;garlada01;Darius Garland;35:35;9;19;.474;4;9;.444;2;2;1.000;0;0;0;12;0;0;2;1;24;+26
23/11/2022;POR;2;mobleev01;Evan Mobley;35:06;4;10;.400;0;0;;2;4;.500;4;8;12;3;0;3;2;2;10;0
23/11/2022;POR;3;mitchdo01;Donovan Mitchell;31:23;11;18;.611;6;10;.600;6;7;.857;0;2;2;1;2;0;4;1;34;-5
23/11/2022;POR;4;stevela01;Lamar Stevens;27:38;3;5;.600;1;2;.500;5;5;1.000;1;0;1;0;0;0;1;1;12;-1
23/11/2022;POR;5;Reserves;Reserves
23/11/2022;POR;6;osmande01;Cedi Osman;27:07;1;6;.167;1;5;.200;0;0;;0;4;4;3;0;0;1;2;3;+17
23/11/2022;POR;7;okorois01;Isaac Okoro;20:43;1;1;1.000;0;0;;1;1;1.000;1;2;3;1;1;1;0;1;3;+16
23/11/2022;POR;8;wadede01;Dean Wade;18:05;2;3;.667;0;1;.000;0;0;;0;3;3;0;0;0;0;1;4;+17
23/11/2022;POR;9;lopezro01;Robin Lopez;5:11;0;0;;0;0;;0;0;;0;0;0;0;0;0;0;2;0;-1
23/11/2022;POR;10;mobleis01;Isaiah Mobley;1:34;0;0;;0;0;;0;0;;0;1;1;0;0;0;0;0;0;+1
23/11/2022;POR;11;netora01;Raul Neto;1:34;0;0;;0;0;;0;0;;0;0;0;0;0;0;0;0;0;+1
