dateId;teamId;order;playerId;Starters;MP;FG;FGA;FG%;3P;3PA;3P%;FT;FTA;FT%;ORB;DRB;TRB;AST;STL;BLK;TOV;PF;PTS;+/-
30/11/2022;IND;0;turnemy01;Myles Turner;27:40;2;9;.222;0;3;.000;0;2;.000;2;4;6;0;0;3;1;2;4;-33
30/11/2022;IND;1;hieldbu01;Buddy Hield;27:01;6;13;.462;3;8;.375;2;3;.667;0;4;4;1;0;0;1;3;17;-7
30/11/2022;IND;2;nembhan01;Andrew Nembhard;26:57;3;7;.429;0;3;.000;0;0;;0;2;2;4;0;0;2;3;6;-18
30/11/2022;IND;3;halibty01;Tyrese Haliburton;25:25;4;13;.308;1;6;.167;0;0;;0;4;4;10;2;0;2;1;9;-24
30/11/2022;IND;4;smithja04;Jalen Smith;19:07;8;10;.800;4;5;.800;2;3;.667;2;4;6;0;0;1;1;3;22;-11
30/11/2022;IND;5;Reserves;Reserves
30/11/2022;IND;6;mathube01;Bennedict Mathurin;25:58;6;17;.353;0;4;.000;10;11;.909;1;1;2;0;1;0;2;2;22;-11
30/11/2022;IND;7;nesmiaa01;Aaron Nesmith;23:41;3;10;.300;2;5;.400;0;0;;1;3;4;1;1;1;1;4;8;-8
30/11/2022;IND;8;mccontj01;T.J. McConnell;23:08;2;6;.333;1;1;1.000;0;0;;0;4;4;10;3;0;2;0;5;-7
30/11/2022;IND;9;brissos01;Oshae Brissett;15:03;2;4;.500;0;1;.000;4;5;.800;0;5;5;0;1;0;1;1;8;-6
30/11/2022;IND;10;jacksis01;Isaiah Jackson;12:56;1;5;.200;0;0;;3;4;.750;4;2;6;2;0;0;0;0;5;+1
30/11/2022;IND;11;taylote01;Terry Taylor;9:03;0;2;.000;0;0;;0;0;;1;1;2;0;0;0;2;2;0;+5
30/11/2022;IND;12;bitadgo01;Goga Bitadze;4:01;3;4;.750;1;1;1.000;1;2;.500;1;1;2;0;0;0;0;0;8;+4
30/11/2022;IND;13;johnsja01;James Johnson;Did Not Play
30/11/2022;IND;0;huertke01;Kevin Huerter;27:31;5;10;.500;2;6;.333;1;2;.500;1;4;5;0;0;0;0;1;13;+25
30/11/2022;IND;1;foxde01;De'Aaron Fox;27:14;7;11;.636;1;1;1.000;4;5;.800;0;5;5;6;0;0;3;4;19;+20
30/11/2022;IND;2;murrake02;Keegan Murray;26:17;4;12;.333;2;9;.222;4;4;1.000;2;4;6;0;0;0;3;2;14;+7
30/11/2022;IND;3;barneha02;Harrison Barnes;25:57;6;9;.667;1;4;.250;9;10;.900;0;5;5;2;2;0;1;3;22;+30
30/11/2022;IND;4;sabondo01;Domantas Sabonis;23:09;5;9;.556;1;2;.500;0;0;;1;9;10;7;1;0;3;4;11;+11
30/11/2022;IND;5;Reserves;Reserves
30/11/2022;IND;6;monkma01;Malik Monk;20:23;6;9;.667;3;6;.500;5;6;.833;0;4;4;6;2;0;4;2;20;+12
30/11/2022;IND;7;mitchda01;Davion Mitchell;20:04;3;6;.500;2;3;.667;0;0;;0;1;1;2;1;2;1;0;8;+11
30/11/2022;IND;8;metuch01;Chimezie Metu;17:23;4;7;.571;0;1;.000;0;0;;3;5;8;1;0;1;0;2;8;+21
30/11/2022;IND;9;daviste02;Terence Davis;17:21;5;13;.385;3;8;.375;2;2;1.000;0;4;4;2;1;1;1;2;15;+7
30/11/2022;IND;10;okpalkz01;KZ Okpala;14:50;1;1;1.000;1;1;1.000;0;0;;1;3;4;1;1;1;1;3;3;-2
30/11/2022;IND;11;dellama01;Matthew Dellavedova;7:28;0;3;.000;0;1;.000;0;0;;0;0;0;0;0;0;1;0;0;-9
30/11/2022;IND;12;holmeri01;Richaun Holmes;7:28;0;2;.000;0;1;.000;0;0;;0;1;1;0;0;0;0;1;0;-9
30/11/2022;IND;13;lenal01;Alex Len;4:55;2;3;.667;0;0;;0;0;;3;2;5;1;0;0;0;1;4;-9
