dateId;teamId;order;playerId;Starters;MP;FG;FGA;FG%;3P;3PA;3P%;FT;FTA;FT%;ORB;DRB;TRB;AST;STL;BLK;TOV;PF;PTS;+/-
21/03/2023;DET;0;baglema01;Marvin Bagley III;41:19;12;19;.632;4;5;.800;3;3;1.000;2;6;8;1;3;2;0;1;31;-22
21/03/2023;DET;1;hayeski01;Killian Hayes;33:36;7;17;.412;2;6;.333;5;5;1.000;1;1;2;6;0;0;3;3;21;-24
21/03/2023;DET;2;iveyja01;Jaden Ivey;30:19;6;19;.316;2;9;.222;3;4;.750;1;3;4;5;0;0;1;3;17;-20
21/03/2023;DET;3;mcgruro01;Rodney McGruder;27:28;2;7;.286;1;4;.250;2;2;1.000;1;3;4;0;2;0;0;4;7;-20
21/03/2023;DET;4;wisemja01;James Wiseman;19:07;2;6;.333;0;2;.000;2;2;1.000;2;3;5;0;0;0;1;6;6;-23
21/03/2023;DET;5;Reserves;Reserves
21/03/2023;DET;6;josepco01;Cory Joseph;25:04;3;8;.375;2;6;.333;4;4;1.000;0;1;1;4;1;0;1;2;12;-6
21/03/2023;DET;7;omorueu01;Eugene Omoruyi;24:17;2;6;.333;0;2;.000;0;1;.000;1;8;9;1;0;0;1;3;4;+3
21/03/2023;DET;8;hamptrj01;R.J. Hampton;20:47;3;6;.500;2;3;.667;1;3;.333;0;0;0;1;1;0;2;2;9;-5
21/03/2023;DET;9;rhodeja01;Jared Rhoden;14:49;0;2;.000;0;2;.000;0;0;;1;1;2;2;1;0;0;2;0;+2
21/03/2023;DET;10;boehebu01;Buddy Boeheim;3:14;0;1;.000;0;1;.000;0;0;;0;0;0;0;0;0;0;0;0;+5
21/03/2023;DET;11;durenja01;Jalen Duren;Did Not Dress
21/03/2023;DET;12;liveris01;Isaiah Livers;Did Not Dress
21/03/2023;DET;0;youngtr01;Trae Young;30:19;7;19;.368;3;9;.333;13;15;.867;2;1;3;12;0;0;3;4;30;+28
21/03/2023;DET;1;huntede01;De'Andre Hunter;28:14;4;11;.364;2;5;.400;2;2;1.000;1;5;6;2;1;0;0;3;12;+19
21/03/2023;DET;2;bogdabo01;Bogdan Bogdanović;27:16;5;11;.455;4;9;.444;4;5;.800;0;1;1;3;0;0;2;2;18;+17
21/03/2023;DET;3;collijo01;John Collins;26:41;5;10;.500;2;5;.400;3;4;.750;2;6;8;1;1;1;1;0;15;+16
21/03/2023;DET;4;capelca01;Clint Capela;25:17;6;7;.857;0;0;;0;2;.000;4;12;16;0;2;2;0;2;12;+23
21/03/2023;DET;5;Reserves;Reserves
21/03/2023;DET;6;beysa01;Saddiq Bey;19:51;5;13;.385;2;4;.500;2;4;.500;5;6;11;1;0;0;0;0;14;+11
21/03/2023;DET;7;okongon01;Onyeka Okongwu;19:51;3;5;.600;0;0;;1;2;.500;7;1;8;1;1;3;0;2;7;+4
21/03/2023;DET;8;mathega01;Garrison Mathews;18:22;1;5;.200;0;3;.000;0;0;;0;4;4;1;0;0;0;1;2;+3
21/03/2023;DET;9;holidaa01;Aaron Holiday;18:18;2;3;.667;0;1;.000;0;0;;0;1;1;4;0;0;1;4;4;-6
21/03/2023;DET;10;griffaj01;AJ Griffin;17:52;4;8;.500;1;2;.500;2;2;1.000;0;2;2;1;0;0;1;1;11;+10
21/03/2023;DET;11;krejcvi01;Vit Krejci;2:52;2;2;1.000;0;0;;0;0;;0;1;1;0;0;0;0;1;4;-5
21/03/2023;DET;12;fernabr01;Bruno Fernando;2:52;0;1;.000;0;0;;0;0;;0;0;0;0;0;0;0;0;0;-5
21/03/2023;DET;13;forretr01;Trent Forrest;2:15;0;0;;0;0;;0;0;;0;0;0;0;0;0;1;0;0;-5
