dateId;teamId;order;playerId;Starters;MP;FG;FGA;FG%;3P;3PA;3P%;FT;FTA;FT%;ORB;DRB;TRB;AST;STL;BLK;TOV;PF;PTS;+/-
09/04/2023;ATL;0;holidaa01;Aaron Holiday;31:19;3;12;.250;1;5;.200;0;0;;1;1;2;6;2;0;2;2;7;-7
09/04/2023;ATL;1;griffaj01;AJ Griffin;29:20;5;13;.385;1;5;.200;2;3;.667;1;2;3;2;2;0;0;0;13;-3
09/04/2023;ATL;2;okongon01;Onyeka Okongwu;26:21;4;7;.571;1;2;.500;1;2;.500;4;5;9;2;1;0;1;0;10;-7
09/04/2023;ATL;3;huntede01;De'Andre Hunter;16:43;5;9;.556;1;3;.333;3;3;1.000;0;3;3;1;0;0;2;1;14;+1
09/04/2023;ATL;4;beysa01;Saddiq Bey;15:00;4;8;.500;1;3;.333;0;0;;2;2;4;3;3;0;0;0;9;+6
09/04/2023;ATL;5;Reserves;Reserves
09/04/2023;ATL;6;mathega01;Garrison Mathews;25:36;5;12;.417;4;11;.364;5;5;1.000;1;2;3;1;0;1;0;2;19;-16
09/04/2023;ATL;7;fernabr01;Bruno Fernando;21:39;8;11;.727;0;2;.000;3;4;.750;3;7;10;0;0;1;2;3;19;+1
09/04/2023;ATL;8;krejcvi01;Vit Krejci;20:16;0;1;.000;0;1;.000;0;0;;1;3;4;3;1;0;1;2;0;-6
09/04/2023;ATL;9;johnsja05;Jalen Johnson;18:30;6;10;.600;2;4;.500;1;2;.500;0;3;3;3;1;3;0;2;15;-5
09/04/2023;ATL;10;forretr01;Trent Forrest;16:41;0;4;.000;0;0;;0;0;;0;2;2;5;1;0;0;0;0;+1
09/04/2023;ATL;11;martity01;Tyrese Martin;16:01;2;6;.333;0;2;.000;0;0;;3;3;6;1;0;0;1;0;4;-1
09/04/2023;ATL;12;willido02;Donovan Williams;2:34;2;4;.500;0;1;.000;0;0;;0;1;1;0;0;0;0;0;4;+6
09/04/2023;ATL;0;pritcpa01;Payton Pritchard;45:53;10;21;.476;9;16;.563;1;1;1.000;1;13;14;11;0;0;7;1;30;+11
09/04/2023;ATL;1;hausesa01;Sam Hauser;38:16;9;16;.563;8;14;.571;0;0;;1;4;5;6;1;1;1;2;26;+6
09/04/2023;ATL;2;muscami01;Mike Muscala;33:25;9;13;.692;4;7;.571;5;7;.714;4;4;8;2;0;0;2;3;27;+13
09/04/2023;ATL;3;griffbl01;Blake Griffin;5:08;1;3;.333;1;3;.333;0;0;;0;2;2;1;0;0;1;1;3;+5
09/04/2023;ATL;4;whitede01;Derrick White;5:08;1;2;.500;1;2;.500;0;0;;0;0;0;1;0;0;1;0;3;+5
09/04/2023;ATL;5;Reserves;Reserves
09/04/2023;ATL;6;davisjd01;JD Davison;34:53;3;6;.500;1;3;.333;1;2;.500;1;2;3;3;0;2;2;1;8;-7
09/04/2023;ATL;7;kornelu01;Luke Kornet;32:39;5;10;.500;0;2;.000;2;2;1.000;1;6;7;6;1;0;1;5;12;-2
09/04/2023;ATL;8;champju01;Justin Champagnie;19:50;2;12;.167;1;5;.200;0;0;;2;2;4;3;1;0;0;0;5;+3
09/04/2023;ATL;9;kabenmf01;Mfiondu Kabengele;18:54;1;4;.250;0;2;.000;2;2;1.000;2;2;4;0;2;0;0;0;4;+2
09/04/2023;ATL;10;willigr01;Grant Williams;5:54;1;2;.500;0;0;;0;0;;0;0;0;0;0;0;0;0;2;-6
09/04/2023;ATL;11;brogdma01;Malcolm Brogdon;Did Not Dress
