dateId;teamId;order;playerId;Starters;MP;FG;FGA;FG%;3P;3PA;3P%;FT;FTA;FT%;ORB;DRB;TRB;AST;STL;BLK;TOV;PF;PTS;+/-
11/12/2022;CHO;0;oubreke01;Kelly Oubre Jr.;36:55;11;23;.478;3;8;.375;4;7;.571;1;2;3;1;2;1;2;5;29;-6
11/12/2022;CHO;1;washipj01;P.J. Washington;35:08;2;12;.167;0;4;.000;0;0;;1;3;4;3;2;0;0;3;4;-12
11/12/2022;CHO;2;roziete01;Terry Rozier;34:17;10;20;.500;5;8;.625;4;4;1.000;2;6;8;6;0;0;5;5;29;-9
11/12/2022;CHO;3;mcdanja01;Jalen McDaniels;30:32;6;13;.462;1;4;.250;2;2;1.000;1;4;5;3;3;0;3;5;15;-22
11/12/2022;CHO;4;plumlma01;Mason Plumlee;25:35;2;5;.400;0;0;;3;3;1.000;5;7;12;5;1;1;2;3;7;-11
11/12/2022;CHO;5;Reserves;Reserves
11/12/2022;CHO;6;mcgowbr01;Bryce McGowens;23:20;1;3;.333;0;2;.000;0;0;;0;1;1;2;1;0;2;0;2;-6
11/12/2022;CHO;7;richani01;Nick Richards;20:44;2;5;.400;0;0;;5;6;.833;4;4;8;0;1;1;0;0;9;-6
11/12/2022;CHO;8;maledth01;Théo Maledon;16:17;1;5;.200;1;2;.500;6;6;1.000;0;0;0;1;1;0;1;0;9;-13
11/12/2022;CHO;9;joneska01;Kai Jones;12:52;2;4;.500;0;0;;2;2;1.000;1;2;3;0;0;0;0;2;6;-6
11/12/2022;CHO;10;bouknja01;James Bouknight;2:39;1;2;.500;1;1;1.000;0;0;;0;1;1;0;1;0;0;1;3;+2
11/12/2022;CHO;11;thorjt01;JT Thor;1:41;0;1;.000;0;1;.000;0;0;;0;0;0;0;0;0;0;0;0;-1
11/12/2022;CHO;0;hardeja01;James Harden;38:15;6;12;.500;3;8;.375;4;5;.800;1;8;9;16;0;1;4;3;19;+18
11/12/2022;CHO;1;embiijo01;Joel Embiid;34:19;20;32;.625;2;3;.667;11;11;1.000;3;9;12;3;0;1;2;2;53;+11
11/12/2022;CHO;2;harrito02;Tobias Harris;33:11;7;12;.583;2;5;.400;1;1;1.000;1;3;4;2;3;1;3;3;17;+17
11/12/2022;CHO;3;tuckepj01;P.J. Tucker;32:08;0;3;.000;0;1;.000;3;3;1.000;1;1;2;0;1;1;0;2;3;+17
11/12/2022;CHO;4;meltode01;De'Anthony Melton;28:25;4;8;.500;4;7;.571;0;0;;0;4;4;2;1;1;1;2;12;+15
11/12/2022;CHO;5;Reserves;Reserves
11/12/2022;CHO;6;miltosh01;Shake Milton;20:38;4;7;.571;1;1;1.000;2;3;.667;0;2;2;3;0;0;0;2;11;+2
11/12/2022;CHO;7;niangge01;Georges Niang;13:25;1;2;.500;1;2;.500;0;0;;0;2;2;1;0;0;2;5;3;0
11/12/2022;CHO;8;harremo01;Montrezl Harrell;12:57;4;5;.800;0;0;;1;3;.333;2;1;3;4;0;1;0;2;9;+6
11/12/2022;CHO;9;thybuma01;Matisse Thybulle;12:46;0;0;;0;0;;0;0;;1;1;2;0;0;0;1;2;0;+1
11/12/2022;CHO;10;korkmfu01;Furkan Korkmaz;10:34;0;2;.000;0;0;;4;6;.667;0;1;1;0;1;0;1;0;4;+1
11/12/2022;CHO;11;reedpa01;Paul Reed;1:41;0;0;;0;0;;0;0;;0;0;0;0;0;0;0;0;0;+1
11/12/2022;CHO;12;sprinja01;Jaden Springer;1:41;0;0;;0;0;;0;0;;0;0;0;0;0;0;1;1;0;+1
11/12/2022;CHO;13;houseda01;Danuel House Jr.;Did Not Dress
