dateId;teamId;order;playerId;Starters;MP;FG;FGA;FG%;3P;3PA;3P%;FT;FTA;FT%;ORB;DRB;TRB;AST;STL;BLK;TOV;PF;PTS;+/-
06/01/2023;CHO;0;ballla01;LaMelo Ball;35:47;8;21;.381;7;13;.538;1;1;1.000;1;2;3;12;2;1;0;1;24;+20
06/01/2023;CHO;1;roziete01;Terry Rozier;34:05;15;29;.517;6;15;.400;3;4;.750;0;2;2;4;1;0;1;0;39;+27
06/01/2023;CHO;2;mcdanja01;Jalen McDaniels;32:24;3;8;.375;0;3;.000;5;5;1.000;0;9;9;2;2;1;0;2;11;+20
06/01/2023;CHO;3;plumlma01;Mason Plumlee;31:22;8;9;.889;0;0;;1;3;.333;5;10;15;6;1;0;2;3;17;+30
06/01/2023;CHO;4;washipj01;P.J. Washington;28:05;9;14;.643;5;10;.500;0;0;;0;2;2;2;2;0;1;3;23;+18
06/01/2023;CHO;5;Reserves;Reserves
06/01/2023;CHO;6;martico01;Cody Martin;21:42;2;7;.286;0;4;.000;0;2;.000;1;3;4;3;0;0;0;0;4;+10
06/01/2023;CHO;7;smithde03;Dennis Smith Jr.;20:19;2;3;.667;0;0;;2;2;1.000;0;2;2;1;1;1;1;2;6;+19
06/01/2023;CHO;8;thorjt01;JT Thor;17:10;4;6;.667;2;3;.667;0;0;;4;2;6;1;0;0;0;3;10;-1
06/01/2023;CHO;9;willima07;Mark Williams;14:10;2;4;.500;0;0;;0;2;.000;2;4;6;1;1;0;0;3;4;-4
06/01/2023;CHO;10;mcgowbr01;Bryce McGowens;2:28;0;1;.000;0;0;;0;0;;0;0;0;0;0;0;0;0;0;+3
06/01/2023;CHO;11;richani01;Nick Richards;2:28;0;0;;0;0;;0;0;;0;0;0;0;1;0;0;0;0;+3
06/01/2023;CHO;0;antetgi01;Giannis Antetokounmpo;21:58;2;7;.286;0;2;.000;5;11;.455;2;2;4;0;0;0;3;2;9;-21
06/01/2023;CHO;1;allengr01;Grayson Allen;21:29;4;7;.571;3;4;.750;1;1;1.000;0;2;2;2;0;1;1;2;12;-22
06/01/2023;CHO;2;holidjr01;Jrue Holiday;19:26;4;9;.444;3;5;.600;1;2;.500;1;1;2;4;1;0;0;1;12;-18
06/01/2023;CHO;3;lopezbr01;Brook Lopez;18:57;3;5;.600;1;3;.333;2;2;1.000;3;1;4;1;0;0;0;1;9;-11
06/01/2023;CHO;4;connapa01;Pat Connaughton;16:09;2;5;.400;1;3;.333;0;0;;0;1;1;1;0;0;1;1;5;-21
06/01/2023;CHO;5;Reserves;Reserves
06/01/2023;CHO;6;beaucma01;MarJon Beauchamp;23:19;2;6;.333;0;3;.000;2;2;1.000;0;2;2;2;0;0;1;2;6;-14
06/01/2023;CHO;7;portibo01;Bobby Portis;22:47;7;10;.700;3;4;.750;2;2;1.000;3;9;12;3;1;0;0;3;19;-16
06/01/2023;CHO;8;inglejo01;Joe Ingles;19:27;2;5;.400;2;5;.400;0;0;;0;1;1;3;0;1;2;0;6;-11
06/01/2023;CHO;9;greenaj01;A.J. Green;17:46;5;8;.625;3;6;.500;0;0;;0;3;3;2;0;0;0;1;13;+6
06/01/2023;CHO;10;carteje01;Jevon Carter;16:06;3;10;.300;2;7;.286;0;0;;0;2;2;0;1;1;2;1;8;-1
06/01/2023;CHO;11;hillge01;George Hill;12:00;2;2;1.000;1;1;1.000;0;0;;0;2;2;3;1;0;0;0;5;-4
06/01/2023;CHO;12;nworajo01;Jordan Nwora;12:00;1;2;.500;1;1;1.000;0;0;;1;5;6;1;0;1;4;0;3;-4
06/01/2023;CHO;13;antetth01;Thanasis Antetokounmpo;9:18;0;6;.000;0;2;.000;2;4;.500;2;2;4;0;0;0;1;4;2;-4
06/01/2023;CHO;14;matthwe02;Wesley Matthews;9:18;0;2;.000;0;2;.000;0;0;;0;0;0;0;1;0;1;0;0;-4
06/01/2023;CHO;15;ibakase01;Serge Ibaka;Did Not Play
