dateId;teamId;order;playerId;Starters;MP;FG;FGA;FG%;3P;3PA;3P%;FT;FTA;FT%;ORB;DRB;TRB;AST;STL;BLK;TOV;PF;PTS;+/-
05/02/2023;SAC;0;mitchda01;Davion Mitchell;29:26;4;11;.364;1;6;.167;1;1;1.000;1;1;2;2;1;0;1;0;10;-28
05/02/2023;SAC;1;sabondo01;Domantas Sabonis;27:28;5;10;.500;1;1;1.000;1;1;1.000;2;9;11;3;0;0;2;2;12;-32
05/02/2023;SAC;2;murrake02;Keegan Murray;25:48;1;7;.143;0;6;.000;0;0;;1;3;4;1;0;0;2;0;2;-33
05/02/2023;SAC;3;barneha02;Harrison Barnes;23:18;1;3;.333;0;1;.000;5;6;.833;1;1;2;1;0;1;2;3;7;-35
05/02/2023;SAC;4;huertke01;Kevin Huerter;20:58;3;8;.375;2;7;.286;2;3;.667;0;0;0;0;1;0;0;4;10;-34
05/02/2023;SAC;5;Reserves;Reserves
05/02/2023;SAC;6;monkma01;Malik Monk;23:35;7;13;.538;0;4;.000;2;2;1.000;1;3;4;3;1;0;2;2;16;-1
05/02/2023;SAC;7;dellama01;Matthew Dellavedova;18:34;2;4;.500;1;2;.500;2;2;1.000;0;1;1;6;0;0;2;1;7;-4
05/02/2023;SAC;8;elliske01;Keon Ellis;16:28;3;5;.600;2;3;.667;2;3;.667;3;1;4;2;2;1;0;2;10;0
05/02/2023;SAC;9;daviste02;Terence Davis;15:05;3;9;.333;1;7;.143;0;0;;0;4;4;2;0;0;1;1;7;-5
05/02/2023;SAC;10;lylestr01;Trey Lyles;14:46;2;4;.500;2;3;.667;6;6;1.000;0;2;2;2;0;0;2;2;12;+9
05/02/2023;SAC;11;holmeri01;Richaun Holmes;10:19;2;4;.500;0;0;;0;1;.000;1;1;2;0;0;1;0;3;4;-2
05/02/2023;SAC;12;metuch01;Chimezie Metu;10:13;2;3;.667;1;2;.500;2;2;1.000;1;1;2;1;0;2;1;2;7;+2
05/02/2023;SAC;13;burtode02;Deonte Burton;4:02;0;1;.000;0;0;;0;0;;0;0;0;0;0;0;0;0;0;+3
05/02/2023;SAC;14;lenal01;Alex Len;Did Not Play
05/02/2023;SAC;0;murphtr02;Trey Murphy III;35:58;9;11;.818;6;8;.750;6;7;.857;0;4;4;2;1;0;1;3;30;+34
05/02/2023;SAC;1;joneshe01;Herbert Jones;33:16;2;6;.333;0;0;;1;2;.500;1;1;2;2;1;1;1;2;5;+35
05/02/2023;SAC;2;marshna01;Naji Marshall;24:18;7;12;.583;0;2;.000;3;6;.500;0;6;6;4;2;0;2;1;17;+17
05/02/2023;SAC;3;mccolcj01;CJ McCollum;22:52;9;11;.818;3;4;.750;3;3;1.000;0;2;2;4;1;0;1;5;24;+25
05/02/2023;SAC;4;nancela02;Larry Nance Jr.;19:48;4;6;.667;0;0;;2;4;.500;4;5;9;1;1;1;0;2;10;+37
05/02/2023;SAC;5;Reserves;Reserves
05/02/2023;SAC;6;hernawi01;Willy Hernangómez;28:12;7;16;.438;0;2;.000;8;8;1.000;3;13;16;4;0;1;3;5;22;-5
05/02/2023;SAC;7;lewiski01;Kira Lewis Jr.;21:37;4;7;.571;2;2;1.000;1;1;1.000;0;4;4;4;0;0;0;3;11;+16
05/02/2023;SAC;8;hayesja02;Jaxson Hayes;19:27;2;5;.400;0;0;;2;3;.667;3;1;4;0;4;0;0;0;6;-3
05/02/2023;SAC;9;grahade01;Devonte' Graham;15:21;2;5;.400;2;5;.400;0;0;;0;0;0;3;0;0;0;2;6;+10
05/02/2023;SAC;10;alvarjo01;Jose Alvarado;14:30;1;5;.200;0;2;.000;0;0;;1;0;1;1;1;0;2;0;2;-8
05/02/2023;SAC;11;templga01;Garrett Temple;4:41;1;1;1.000;1;1;1.000;0;0;;0;0;0;1;0;0;0;0;3;+2
