dateId;teamId;order;playerId;Starters;MP;FG;FGA;FG%;3P;3PA;3P%;FT;FTA;FT%;ORB;DRB;TRB;AST;STL;BLK;TOV;PF;PTS;+/-
06/01/2023;ATL;0;collijo01;John Collins;37:24;7;18;.389;0;5;.000;2;3;.667;1;7;8;2;0;3;0;3;16;-3
06/01/2023;ATL;1;huntede01;De'Andre Hunter;37:19;5;13;.385;2;5;.400;4;6;.667;1;7;8;0;0;0;1;4;16;-12
06/01/2023;ATL;2;murrade01;Dejounte Murray;35:02;7;18;.389;2;4;.500;0;1;.000;1;0;1;6;1;0;1;0;16;-11
06/01/2023;ATL;3;youngtr01;Trae Young;34:13;12;24;.500;2;8;.250;6;7;.857;1;4;5;9;3;0;6;2;32;+2
06/01/2023;ATL;4;okongon01;Onyeka Okongwu;28:20;5;6;.833;0;0;;0;0;;3;4;7;1;3;1;1;0;10;-17
06/01/2023;ATL;5;Reserves;Reserves
06/01/2023;ATL;6;bogdabo01;Bogdan Bogdanović;29:02;3;7;.429;0;3;.000;4;4;1.000;0;3;3;2;1;1;2;3;10;-24
06/01/2023;ATL;7;griffaj01;AJ Griffin;14:46;2;3;.667;1;2;.500;0;0;;0;2;2;0;0;0;1;1;5;-15
06/01/2023;ATL;8;holidaa01;Aaron Holiday;14:12;2;5;.400;1;2;.500;1;1;1.000;0;1;1;3;0;0;0;1;6;-1
06/01/2023;ATL;9;johnsja05;Jalen Johnson;5:24;1;2;.500;1;2;.500;0;0;;0;3;3;1;0;0;0;1;3;+1
06/01/2023;ATL;10;kaminfr01;Frank Kaminsky;2:09;0;0;;0;0;;0;0;;0;1;1;0;0;0;0;0;0;0
06/01/2023;ATL;11;krejcvi01;Vit Krejci;2:09;0;0;;0;0;;0;0;;0;0;0;0;0;0;0;0;0;0
06/01/2023;ATL;12;holidju01;Justin Holiday;Did Not Play
06/01/2023;ATL;0;schrode01;Dennis Schröder;34:47;7;14;.500;5;8;.625;2;3;.667;0;2;2;1;0;0;3;3;21;+10
06/01/2023;ATL;1;jamesle01;LeBron James;32:47;10;19;.526;1;5;.200;4;6;.667;0;7;7;10;0;0;5;0;25;+12
06/01/2023;ATL;2;bryanth01;Thomas Bryant;27:56;8;12;.667;1;2;.500;2;2;1.000;4;9;13;0;1;1;1;1;19;+2
06/01/2023;ATL;3;beverpa01;Patrick Beverley;24:07;2;5;.400;1;3;.333;0;0;;0;4;4;4;0;1;0;4;5;+5
06/01/2023;ATL;4;toscaju01;Juan Toscano-Anderson;21:19;2;3;.667;0;1;.000;0;0;;1;3;4;1;2;1;1;2;4;+3
06/01/2023;ATL;5;Reserves;Reserves
06/01/2023;ATL;6;westbru01;Russell Westbrook;30:39;7;14;.500;2;4;.500;2;2;1.000;0;11;11;9;2;1;2;3;18;+15
06/01/2023;ATL;7;nunnke01;Kendrick Nunn;26:53;9;16;.563;3;7;.429;2;2;1.000;0;3;3;2;1;0;0;1;23;+9
06/01/2023;ATL;8;gabriwe01;Wenyen Gabriel;19:29;2;2;1.000;0;0;;0;1;.000;2;3;5;2;0;0;2;1;4;+16
06/01/2023;ATL;9;chrisma02;Max Christie;16:05;3;5;.600;2;2;1.000;0;0;;0;1;1;3;0;1;2;2;8;+6
06/01/2023;ATL;10;brownst02;Sterling Brown;3:24;0;1;.000;0;1;.000;0;0;;0;1;1;1;0;0;0;1;0;0
06/01/2023;ATL;11;swideco01;Cole Swider;1:17;1;1;1.000;1;1;1.000;0;0;;0;0;0;0;0;0;0;0;3;+1
06/01/2023;ATL;12;pippesc02;Scotty Pippen Jr.;1:17;0;1;.000;0;1;.000;0;0;;0;0;0;0;0;0;0;0;0;+1
06/01/2023;ATL;13;jonesda03;Damian Jones;Did Not Dress
