dateId;teamId;order;playerId;Starters;MP;FG;FGA;FG%;3P;3PA;3P%;FT;FTA;FT%;ORB;DRB;TRB;AST;STL;BLK;TOV;PF;PTS;+/-
23/03/2023;CHO;0;washipj01;P.J. Washington;34:43;7;20;.350;2;10;.200;2;3;.667;0;2;2;2;1;0;3;2;18;-12
23/03/2023;CHO;1;haywago01;Gordon Hayward;30:33;5;12;.417;1;5;.200;1;2;.500;0;3;3;6;1;0;2;0;12;-17
23/03/2023;CHO;2;richani01;Nick Richards;29:36;3;4;.750;0;0;;3;3;1.000;3;11;14;1;0;0;1;5;9;-15
23/03/2023;CHO;3;oubreke01;Kelly Oubre Jr.;12:07;4;10;.400;0;3;.000;0;1;.000;0;3;3;2;2;0;1;1;8;-4
23/03/2023;CHO;4;roziete01;Terry Rozier;9:34;2;4;.500;1;3;.333;0;0;;0;4;4;2;1;0;1;2;5;-13
23/03/2023;CHO;5;Reserves;Reserves
23/03/2023;CHO;6;mykhasv01;Svi Mykhailiuk;29:31;6;12;.500;3;8;.375;0;0;;0;2;2;1;1;0;1;1;15;-6
23/03/2023;CHO;7;thorjt01;JT Thor;27:11;3;5;.600;2;3;.667;1;2;.500;0;3;3;0;1;2;4;3;9;-21
23/03/2023;CHO;8;mcgowbr01;Bryce McGowens;25:10;2;5;.400;0;3;.000;4;5;.800;0;1;1;6;0;1;1;1;8;+4
23/03/2023;CHO;9;smithde03;Dennis Smith Jr.;21:54;4;8;.500;0;2;.000;0;0;;1;1;2;4;1;0;3;1;8;-7
23/03/2023;CHO;10;joneska01;Kai Jones;19:41;2;3;.667;0;0;;0;0;;0;4;4;0;0;1;0;1;4;-4
23/03/2023;CHO;11;willima07;Mark Williams;Did Not Dress
23/03/2023;CHO;0;mccolcj01;CJ McCollum;36:15;8;19;.421;3;8;.375;1;1;1.000;0;2;2;3;1;0;0;2;20;+20
23/03/2023;CHO;1;ingrabr01;Brandon Ingram;34:10;10;23;.435;1;6;.167;9;9;1.000;0;11;11;10;1;0;0;3;30;+17
23/03/2023;CHO;2;valanjo01;Jonas Valančiūnas;34:02;10;16;.625;0;1;.000;0;0;;8;11;19;3;1;0;3;2;20;+14
23/03/2023;CHO;3;murphtr02;Trey Murphy III;33:11;7;14;.500;4;8;.500;1;1;1.000;0;2;2;1;4;0;2;0;19;+10
23/03/2023;CHO;4;joneshe01;Herbert Jones;28:34;1;5;.200;0;1;.000;0;0;;2;1;3;2;1;0;0;1;2;+12
23/03/2023;CHO;5;Reserves;Reserves
23/03/2023;CHO;6;marshna01;Naji Marshall;21:06;6;10;.600;1;3;.333;3;4;.750;0;4;4;3;1;0;3;0;16;+10
23/03/2023;CHO;7;richajo01;Josh Richardson;20:23;1;3;.333;1;2;.500;0;0;;1;4;5;2;0;0;1;2;3;+17
23/03/2023;CHO;8;nancela02;Larry Nance Jr.;11:46;0;0;;0;0;;0;0;;0;2;2;0;1;0;0;1;0;+8
23/03/2023;CHO;9;daniedy01;Dyson Daniels;11:45;1;4;.250;0;2;.000;0;0;;0;3;3;1;1;0;1;1;2;-1
23/03/2023;CHO;10;templga01;Garrett Temple;2:12;1;1;1.000;1;1;1.000;0;0;;0;0;0;0;0;0;0;0;3;-3
23/03/2023;CHO;11;hayesja02;Jaxson Hayes;2:12;0;0;;0;0;;0;0;;0;0;0;0;0;0;0;0;0;-3
23/03/2023;CHO;12;hernawi01;Willy Hernangómez;2:12;0;1;.000;0;0;;0;0;;0;1;1;0;0;0;1;2;0;-3
23/03/2023;CHO;13;lewiski01;Kira Lewis Jr.;2:12;0;2;.000;0;2;.000;0;0;;0;0;0;1;0;0;0;0;0;-3
