dateId;teamId;order;playerId;Starters;MP;FG;FGA;FG%;3P;3PA;3P%;FT;FTA;FT%;ORB;DRB;TRB;AST;STL;BLK;TOV;PF;PTS;+/-
18/03/2023;GSW;0;thompkl01;Klay Thompson;32:06;6;17;.353;2;9;.222;0;0;;0;1;1;0;0;1;1;1;14;-30
18/03/2023;GSW;1;greendr01;Draymond Green;30:28;5;9;.556;0;1;.000;1;2;.500;2;5;7;5;0;0;2;3;11;-3
18/03/2023;GSW;2;curryst01;Stephen Curry;30:03;5;15;.333;3;8;.375;3;4;.750;1;7;8;5;0;0;1;1;16;-10
18/03/2023;GSW;3;divindo01;Donte DiVincenzo;22:30;1;3;.333;1;2;.500;0;0;;2;3;5;7;0;0;3;2;3;-10
18/03/2023;GSW;4;looneke01;Kevon Looney;20:23;3;7;.429;0;0;;4;4;1.000;3;0;3;1;2;3;0;2;10;-19
18/03/2023;GSW;5;Reserves;Reserves
18/03/2023;GSW;6;kuminjo01;Jonathan Kuminga;30:08;8;16;.500;4;7;.571;4;6;.667;3;5;8;3;1;1;1;3;24;-6
18/03/2023;GSW;7;poolejo01;Jordan Poole;29:36;5;12;.417;2;3;.667;9;9;1.000;0;1;1;3;0;1;4;5;21;-4
18/03/2023;GSW;8;lamban01;Anthony Lamb;18:01;1;5;.200;0;3;.000;7;8;.875;0;4;4;0;0;1;0;2;9;+9
18/03/2023;GSW;9;moodymo01;Moses Moody;11:59;4;4;1.000;1;1;1.000;0;1;.000;2;0;2;0;0;1;0;1;9;+3
18/03/2023;GSW;10;greenja01;JaMychal Green;10:29;1;2;.500;0;0;;0;0;;2;0;2;3;0;0;0;1;2;-6
18/03/2023;GSW;11;baldwpa01;Patrick Baldwin Jr.;4:17;0;1;.000;0;1;.000;0;0;;0;1;1;0;0;0;1;0;0;+6
18/03/2023;GSW;12;rolliry01;Ryan Rollins;Did Not Play
18/03/2023;GSW;0;banede01;Desmond Bane;34:07;10;17;.588;3;5;.600;3;4;.750;2;2;4;2;1;0;4;1;26;+25
18/03/2023;GSW;1;tillmxa01;Xavier Tillman Sr.;32:29;6;10;.600;0;0;;2;2;1.000;3;7;10;5;2;0;1;2;14;+25
18/03/2023;GSW;2;jonesty01;Tyus Jones;30:12;6;11;.545;1;3;.333;0;2;.000;0;2;2;14;0;0;0;0;13;+12
18/03/2023;GSW;3;jacksja02;Jaren Jackson Jr.;29:09;12;22;.545;3;9;.333;4;5;.800;1;6;7;3;0;4;0;3;31;+13
18/03/2023;GSW;4;brookdi01;Dillon Brooks;29:01;7;10;.700;4;4;1.000;0;0;;1;2;3;3;0;0;0;5;18;+12
18/03/2023;GSW;5;Reserves;Reserves
18/03/2023;GSW;6;kennalu01;Luke Kennard;22:52;5;10;.500;4;8;.500;0;0;;0;4;4;5;0;0;1;3;14;+4
18/03/2023;GSW;7;roddyda01;David Roddy;20:03;3;5;.600;3;4;.750;2;4;.500;1;1;2;1;0;0;0;2;11;+14
18/03/2023;GSW;8;aldamsa01;Santi Aldama;18:03;2;3;.667;0;0;;0;0;;2;1;3;1;0;1;0;2;4;-10
18/03/2023;GSW;9;konchjo01;John Konchar;15:04;0;1;.000;0;1;.000;0;0;;0;3;3;0;2;0;0;4;0;-7
18/03/2023;GSW;10;loftoke01;Kenneth Lofton Jr.;3:00;1;3;.333;0;2;.000;0;0;;1;0;1;0;0;0;0;1;2;-6
18/03/2023;GSW;11;chandke01;Kennedy Chandler;3:00;0;1;.000;0;0;;0;0;;0;0;0;1;0;0;0;0;0;-6
18/03/2023;GSW;12;laravja01;Jake LaRavia;3:00;0;2;.000;0;2;.000;0;0;;0;0;0;0;0;0;0;1;0;-6
