dateId;teamId;order;playerId;Starters;MP;FG;FGA;FG%;3P;3PA;3P%;FT;FTA;FT%;ORB;DRB;TRB;AST;STL;BLK;TOV;PF;PTS;+/-
30/11/2022;PHI;0;miltosh01;Shake Milton;32:13;6;12;.500;0;3;.000;2;2;1.000;0;3;3;3;0;0;3;0;14;-30
30/11/2022;PHI;1;embiijo01;Joel Embiid;28:31;6;16;.375;0;0;;7;9;.778;3;3;6;6;3;0;1;2;19;-12
30/11/2022;PHI;2;meltode01;De'Anthony Melton;27:37;4;11;.364;1;4;.250;0;0;;1;1;2;2;3;0;1;2;9;-25
30/11/2022;PHI;3;harrito02;Tobias Harris;23:19;0;7;.000;0;3;.000;3;3;1.000;0;1;1;3;0;0;1;1;3;-26
30/11/2022;PHI;4;tuckepj01;P.J. Tucker;20:29;2;4;.500;2;4;.500;0;0;;0;1;1;1;0;0;1;0;6;-26
30/11/2022;PHI;5;Reserves;Reserves
30/11/2022;PHI;6;niangge01;Georges Niang;24:19;2;7;.286;1;4;.250;0;0;;0;2;2;0;0;0;0;2;5;-2
30/11/2022;PHI;7;houseda01;Danuel House Jr.;23:11;3;4;.750;1;2;.500;0;0;;0;4;4;1;0;0;1;0;7;0
30/11/2022;PHI;8;thybuma01;Matisse Thybulle;18:16;1;4;.250;1;2;.500;0;0;;0;2;2;0;1;0;1;2;3;+4
30/11/2022;PHI;9;reedpa01;Paul Reed;14:25;4;4;1.000;0;0;;1;2;.500;2;3;5;2;0;1;2;2;9;-12
30/11/2022;PHI;10;korkmfu01;Furkan Korkmaz;13:03;1;4;.250;0;3;.000;2;2;1.000;0;1;1;0;0;0;1;0;4;-5
30/11/2022;PHI;11;harremo01;Montrezl Harrell;8:19;1;1;1.000;0;0;;0;0;;1;2;3;1;0;0;2;0;2;-7
30/11/2022;PHI;12;leesa01;Saben Lee;6:18;2;3;.667;0;1;.000;0;0;;0;0;0;0;0;0;2;0;4;+1
30/11/2022;PHI;0;garlada01;Darius Garland;32:02;9;16;.563;3;4;.750;0;0;;0;2;2;9;0;0;2;1;21;+24
30/11/2022;PHI;1;wadede01;Dean Wade;30:52;3;7;.429;0;1;.000;0;0;;2;3;5;2;3;1;2;1;6;+20
30/11/2022;PHI;2;mitchdo01;Donovan Mitchell;25:56;5;9;.556;5;7;.714;3;3;1.000;0;3;3;6;2;1;2;0;18;+20
30/11/2022;PHI;3;mobleev01;Evan Mobley;23:47;8;10;.800;0;1;.000;0;0;;0;8;8;3;0;1;1;4;16;+23
30/11/2022;PHI;4;diakima01;Mamadi Diakite;22:35;2;5;.400;2;4;.500;0;0;;0;4;4;2;1;0;2;3;6;+16
30/11/2022;PHI;5;Reserves;Reserves
30/11/2022;PHI;6;leverca01;Caris LeVert;33:16;8;11;.727;3;4;.750;3;4;.750;1;5;6;4;1;0;3;1;22;+13
30/11/2022;PHI;7;osmande01;Cedi Osman;28:49;3;7;.429;1;5;.200;2;3;.667;0;5;5;0;0;0;2;1;9;+8
30/11/2022;PHI;8;okorois01;Isaac Okoro;22:17;5;7;.714;1;3;.333;0;0;;1;4;5;2;3;0;1;1;11;+20
30/11/2022;PHI;9;lopezro01;Robin Lopez;14:08;2;2;1.000;0;0;;0;0;;2;0;2;0;0;0;3;1;4;-3
30/11/2022;PHI;10;netora01;Raul Neto;6:18;0;0;;0;0;;0;0;;0;0;0;0;0;0;0;0;0;-1
30/11/2022;PHI;11;allenja01;Jarrett Allen;Did Not Play
