dateId;teamId;order;playerId;Starters;MP;FG;FGA;FG%;3P;3PA;3P%;FT;FTA;FT%;ORB;DRB;TRB;AST;STL;BLK;TOV;PF;PTS;+/-
27/03/2023;DAL;0;irvinky01;Kyrie Irving;29:50;7;11;.636;1;2;.500;1;1;1.000;1;2;3;6;2;3;0;2;16;+26
27/03/2023;DAL;1;doncilu01;Luka Dončić;28:01;8;17;.471;4;10;.400;5;5;1.000;2;5;7;6;1;0;0;0;25;+9
27/03/2023;DAL;2;hardati02;Tim Hardaway Jr.;24:09;4;8;.500;2;4;.500;3;4;.750;0;2;2;2;0;1;2;1;13;+1
27/03/2023;DAL;3;bullore01;Reggie Bullock;21:57;4;7;.571;3;6;.500;0;0;;0;2;2;0;0;0;0;1;11;-3
27/03/2023;DAL;4;poweldw01;Dwight Powell;11:44;2;3;.667;0;0;;0;0;;1;1;2;0;0;0;0;2;4;+6
27/03/2023;DAL;5;Reserves;Reserves
27/03/2023;DAL;6;hardyja02;Jaden Hardy;23:59;8;12;.667;4;6;.667;0;0;;0;4;4;4;3;0;4;2;20;+24
27/03/2023;DAL;7;greenjo02;Josh Green;20:32;1;1;1.000;0;0;;0;0;;0;4;4;1;0;0;0;3;2;+26
27/03/2023;DAL;8;ntilila01;Frank Ntilikina;15:35;1;4;.250;1;2;.500;2;2;1.000;0;1;1;2;1;0;0;1;5;+31
27/03/2023;DAL;9;mcgeeja01;JaVale McGee;13:17;4;5;.800;0;0;;2;3;.667;0;2;2;0;0;2;2;3;10;+13
27/03/2023;DAL;10;woodch01;Christian Wood;12:16;3;6;.500;0;1;.000;0;0;;0;1;1;2;0;1;0;0;6;+9
27/03/2023;DAL;11;morrima02;Markieff Morris;10:43;1;3;.333;1;2;.500;0;0;;0;0;0;2;0;0;1;4;3;-5
27/03/2023;DAL;12;holidju01;Justin Holiday;9:05;1;2;.500;0;1;.000;2;2;1.000;0;2;2;0;0;0;1;0;4;-6
27/03/2023;DAL;13;bertada01;Dāvis Bertāns;6:57;2;2;1.000;2;2;1.000;0;0;;0;1;1;0;0;0;0;1;6;-6
27/03/2023;DAL;14;pinsoth01;Theo Pinson;6:43;0;0;;0;0;;0;0;;0;2;2;1;0;0;1;3;0;-4
27/03/2023;DAL;15;wrighmc01;McKinley Wright IV;5:12;1;2;.500;0;1;.000;0;0;;0;0;0;3;0;1;2;0;2;-6
27/03/2023;DAL;0;mathube01;Bennedict Mathurin;38:22;9;19;.474;2;8;.250;6;7;.857;1;3;4;2;1;1;4;1;26;+2
27/03/2023;DAL;1;nembhan01;Andrew Nembhard;36:19;8;16;.500;1;4;.250;0;0;;1;4;5;5;1;0;0;3;17;+5
27/03/2023;DAL;2;nesmiaa01;Aaron Nesmith;34:00;1;10;.100;1;5;.200;1;1;1.000;0;1;1;3;0;1;1;4;4;-35
27/03/2023;DAL;3;nworajo01;Jordan Nwora;30:50;5;11;.455;2;4;.500;1;2;.500;2;7;9;1;0;0;3;2;13;-17
27/03/2023;DAL;4;smithja04;Jalen Smith;23:51;4;8;.500;1;3;.333;2;4;.500;0;6;6;0;0;0;1;2;11;+1
27/03/2023;DAL;5;Reserves;Reserves
27/03/2023;DAL;6;mccontj01;T.J. McConnell;27:41;7;13;.538;1;1;1.000;0;0;;1;4;5;7;2;0;3;2;15;-14
27/03/2023;DAL;7;jacksis01;Isaiah Jackson;24:09;4;11;.364;0;0;;0;1;.000;9;3;12;1;1;1;1;4;8;-24
27/03/2023;DAL;8;brissos01;Oshae Brissett;18:56;1;5;.200;0;3;.000;8;8;1.000;0;0;0;1;1;0;0;0;10;-19
27/03/2023;DAL;9;hillge01;George Hill;5:52;0;0;;0;0;;0;0;;0;1;1;0;0;0;0;1;0;-14
27/03/2023;DAL;10;johnsja01;James Johnson;Did Not Play
27/03/2023;DAL;11;theisda01;Daniel Theis;Did Not Play
