dateId;teamId;order;playerId;Starters;MP;FG;FGA;FG%;3P;3PA;3P%;FT;FTA;FT%;ORB;DRB;TRB;AST;STL;BLK;TOV;PF;PTS;+/-
13/01/2023;HOU;0;smithja05;Jabari Smith Jr.;34:18;11;20;.550;2;7;.286;3;3;1.000;3;5;8;1;0;3;0;2;27;-20
13/01/2023;HOU;1;martike04;Kenyon Martin Jr.;34:04;1;6;.167;1;4;.250;3;6;.500;0;4;4;0;0;0;0;3;6;-13
13/01/2023;HOU;2;greenja05;Jalen Green;33:06;10;21;.476;5;9;.556;2;2;1.000;2;0;2;2;2;0;4;2;27;-30
13/01/2023;HOU;3;sengual01;Alperen Şengün;28:01;6;9;.667;0;0;;2;4;.500;2;4;6;7;4;0;4;3;14;-2
13/01/2023;HOU;4;gordoer01;Eric Gordon;27:22;3;7;.429;1;4;.250;2;5;.400;0;1;1;6;0;0;2;2;9;-3
13/01/2023;HOU;5;Reserves;Reserves
13/01/2023;HOU;6;tateja01;Jae'Sean Tate;19:04;2;6;.333;0;2;.000;2;2;1.000;0;1;1;3;1;0;1;3;6;-23
13/01/2023;HOU;7;chrisjo01;Josh Christopher;18:15;2;6;.333;1;3;.333;0;0;;0;1;1;1;0;0;2;2;5;-8
13/01/2023;HOU;8;garubus01;Usman Garuba;16:04;1;1;1.000;0;0;;0;0;;2;1;3;1;0;0;2;1;2;-21
13/01/2023;HOU;9;easonta01;Tari Eason;13:27;3;5;.600;0;2;.000;1;1;1.000;1;2;3;1;1;1;0;3;7;-2
13/01/2023;HOU;10;mathega01;Garrison Mathews;8:41;3;7;.429;2;6;.333;0;0;;1;0;1;0;2;0;0;3;8;+1
13/01/2023;HOU;11;marjabo01;Boban Marjanović;3:49;1;3;.333;0;0;;1;2;.500;1;3;4;1;0;0;0;0;3;-2
13/01/2023;HOU;12;nixda01;Daishen Nix;3:49;0;0;;0;0;;0;0;;0;0;0;0;0;0;0;0;0;-2
13/01/2023;HOU;13;fernabr01;Bruno Fernando;Did Not Play
13/01/2023;HOU;0;sabondo01;Domantas Sabonis;37:28;6;14;.429;0;3;.000;7;10;.700;5;10;15;16;2;2;2;3;19;+26
13/01/2023;HOU;1;barneha02;Harrison Barnes;36:01;8;14;.571;5;8;.625;6;6;1.000;4;3;7;3;1;0;1;1;27;+28
13/01/2023;HOU;2;foxde01;De'Aaron Fox;33:25;9;14;.643;3;5;.600;3;3;1.000;2;3;5;5;1;0;5;1;24;+19
13/01/2023;HOU;3;daviste02;Terence Davis;30:33;7;14;.500;3;7;.429;5;5;1.000;2;4;6;3;3;0;2;2;22;+26
13/01/2023;HOU;4;murrake02;Keegan Murray;20:02;3;8;.375;1;5;.200;1;1;1.000;1;2;3;1;1;1;2;5;8;-4
13/01/2023;HOU;5;Reserves;Reserves
13/01/2023;HOU;6;lylestr01;Trey Lyles;30:15;6;9;.667;1;3;.333;0;0;;0;5;5;2;2;2;1;3;13;+23
13/01/2023;HOU;7;monkma01;Malik Monk;15:01;4;7;.571;4;5;.800;3;4;.750;0;1;1;1;0;1;1;1;15;+4
13/01/2023;HOU;8;okpalkz01;KZ Okpala;11:22;0;0;;0;0;;0;0;;0;1;1;0;0;0;0;1;0;-2
13/01/2023;HOU;9;mitchda01;Davion Mitchell;10:52;1;3;.333;1;2;.500;0;0;;0;0;0;0;0;2;0;0;3;+4
13/01/2023;HOU;10;metuch01;Chimezie Metu;6:43;0;0;;0;0;;0;0;;0;1;1;1;0;0;0;1;0;-3
13/01/2023;HOU;11;holmeri01;Richaun Holmes;3:49;2;2;1.000;1;1;1.000;0;0;;0;1;1;0;0;0;0;1;5;+2
13/01/2023;HOU;12;dellama01;Matthew Dellavedova;3:49;1;1;1.000;1;1;1.000;0;0;;0;1;1;2;0;0;0;0;3;+2
13/01/2023;HOU;13;doziepj01;PJ Dozier;0:20;0;0;;0;0;;0;0;;0;0;0;0;0;0;0;0;0;0
13/01/2023;HOU;14;elliske01;Keon Ellis;0:20;0;0;;0;0;;0;0;;0;0;0;0;0;0;0;0;0;0
13/01/2023;HOU;15;lenal01;Alex Len;Did Not Play
