dateId;teamId;order;playerId;Starters;MP;FG;FGA;FG%;3P;3PA;3P%;FT;FTA;FT%;ORB;DRB;TRB;AST;STL;BLK;TOV;PF;PTS;+/-
13/12/2022;SAC;0;barneha02;Harrison Barnes;30:35;4;12;.333;1;6;.167;2;2;1.000;1;7;8;2;1;0;1;1;11;-20
13/12/2022;SAC;1;sabondo01;Domantas Sabonis;29:43;8;10;.800;0;0;;6;7;.857;4;6;10;5;0;0;1;4;22;-13
13/12/2022;SAC;2;foxde01;De'Aaron Fox;29:23;5;15;.333;1;7;.143;2;4;.500;0;4;4;1;1;0;3;2;13;-14
13/12/2022;SAC;3;huertke01;Kevin Huerter;23:48;3;8;.375;1;5;.200;0;0;;0;0;0;1;1;0;4;1;7;-20
13/12/2022;SAC;4;murrake02;Keegan Murray;20:44;1;5;.200;1;4;.250;0;0;;0;2;2;1;1;1;1;3;3;-13
13/12/2022;SAC;5;Reserves;Reserves
13/12/2022;SAC;6;monkma01;Malik Monk;23:34;4;10;.400;1;5;.200;7;7;1.000;0;3;3;4;1;0;2;0;16;-8
13/12/2022;SAC;7;mitchda01;Davion Mitchell;18:37;1;8;.125;0;2;.000;0;0;;1;2;3;4;0;2;2;1;2;-6
13/12/2022;SAC;8;lylestr01;Trey Lyles;17:25;1;4;.250;0;2;.000;0;0;;1;5;6;0;0;0;0;1;2;0
13/12/2022;SAC;9;daviste02;Terence Davis;13:45;5;8;.625;2;5;.400;0;0;;2;0;2;1;0;1;3;2;12;-6
13/12/2022;SAC;10;metuch01;Chimezie Metu;9:44;2;6;.333;1;3;.333;0;0;;2;2;4;0;0;0;0;0;5;-7
13/12/2022;SAC;11;okpalkz01;KZ Okpala;7:58;1;1;1.000;1;1;1.000;0;0;;0;1;1;0;0;0;0;3;3;+1
13/12/2022;SAC;12;holmeri01;Richaun Holmes;6:11;3;4;.750;1;1;1.000;0;0;;1;2;3;0;0;0;0;0;7;+6
13/12/2022;SAC;13;elliske01;Keon Ellis;6:11;0;1;.000;0;1;.000;0;0;;0;1;1;1;0;0;0;1;0;+6
13/12/2022;SAC;14;quetane01;Neemias Queta;2:22;0;0;;0;0;;0;0;;1;0;1;1;0;0;0;3;0;-6
13/12/2022;SAC;15;dellama01;Matthew Dellavedova;Did Not Play
13/12/2022;SAC;0;hardeja01;James Harden;35:55;7;13;.538;4;7;.571;3;6;.500;0;7;7;15;5;0;6;2;21;+24
13/12/2022;SAC;1;harrito02;Tobias Harris;33:54;9;17;.529;2;7;.286;1;1;1.000;2;5;7;9;1;1;0;1;21;+21
13/12/2022;SAC;2;embiijo01;Joel Embiid;30:20;10;16;.625;0;1;.000;11;13;.846;1;6;7;2;1;1;3;3;31;+12
13/12/2022;SAC;3;tuckepj01;P.J. Tucker;23:53;2;3;.667;2;3;.667;0;0;;0;4;4;0;0;0;0;3;6;+10
13/12/2022;SAC;4;thybuma01;Matisse Thybulle;22:23;5;7;.714;3;4;.750;2;3;.667;0;2;2;0;0;0;0;4;15;+11
13/12/2022;SAC;5;Reserves;Reserves
13/12/2022;SAC;6;miltosh01;Shake Milton;32:35;5;10;.500;1;3;.333;3;3;1.000;0;0;0;3;1;0;1;4;14;+3
13/12/2022;SAC;7;niangge01;Georges Niang;25:32;4;8;.500;4;8;.500;0;0;;0;6;6;3;1;0;0;2;12;+25
13/12/2022;SAC;8;korkmfu01;Furkan Korkmaz;12:15;1;3;.333;0;2;.000;1;1;1.000;0;3;3;1;0;0;1;1;3;-8
13/12/2022;SAC;9;harremo01;Montrezl Harrell;12:07;0;2;.000;0;0;;0;0;;0;3;3;1;1;1;0;1;0;+14
13/12/2022;SAC;10;reedpa01;Paul Reed;5:33;0;3;.000;0;0;;0;0;;1;1;2;0;0;0;0;0;0;-6
13/12/2022;SAC;11;sprinja01;Jaden Springer;5:33;0;2;.000;0;0;;0;0;;0;1;1;0;0;1;0;0;0;-6
13/12/2022;SAC;12;houseda01;Danuel House Jr.;Did Not Play
