dateId;teamId;order;playerId;Starters;MP;FG;FGA;FG%;3P;3PA;3P%;FT;FTA;FT%;ORB;DRB;TRB;AST;STL;BLK;TOV;PF;PTS;+/-
16/01/2023;PHO;0;aytonde01;Deandre Ayton;30:15;8;11;.727;0;0;;2;2;1.000;1;4;5;1;0;0;2;4;18;-14
16/01/2023;PHO;1;bridgmi01;Mikal Bridges;29:57;8;16;.500;1;3;.333;4;4;1.000;0;4;4;7;2;1;3;1;21;-14
16/01/2023;PHO;2;shamela01;Landry Shamet;25:54;2;9;.222;1;6;.167;4;4;1.000;0;4;4;6;0;0;1;2;9;-28
16/01/2023;PHO;3;craigto01;Torrey Craig;25:16;2;7;.286;0;4;.000;0;0;;0;1;1;1;0;0;0;3;4;-30
16/01/2023;PHO;4;saricda01;Dario Šarić;23:24;4;9;.444;2;5;.400;2;2;1.000;2;5;7;5;0;0;3;3;12;-17
16/01/2023;PHO;5;Reserves;Reserves
16/01/2023;PHO;6;leesa01;Saben Lee;28:26;3;9;.333;1;2;.500;3;4;.750;1;1;2;3;1;0;1;3;10;-16
16/01/2023;PHO;7;leeda03;Damion Lee;25:57;3;11;.273;2;4;.500;0;0;;0;2;2;9;0;0;2;2;8;-2
16/01/2023;PHO;8;wainris01;Ish Wainright;15:37;1;4;.250;0;3;.000;0;0;;1;2;3;1;1;1;1;1;2;-8
16/01/2023;PHO;9;landajo01;Jock Landale;13:41;1;2;.500;0;1;.000;3;3;1.000;2;1;3;0;0;0;0;2;5;0
16/01/2023;PHO;10;biyombi01;Bismack Biyombo;12:08;4;5;.800;0;0;;0;0;;2;3;5;0;0;2;1;1;8;-11
16/01/2023;PHO;11;okogijo01;Josh Okogie;9:25;3;6;.500;3;5;.600;0;0;;0;1;1;0;0;0;1;0;9;-10
16/01/2023;PHO;12;washidu02;Duane Washington Jr.;Did Not Play
16/01/2023;PHO;0;moranja01;Ja Morant;27:14;11;20;.550;5;8;.625;2;2;1.000;0;2;2;7;1;0;1;1;29;+14
16/01/2023;PHO;1;banede01;Desmond Bane;26:57;10;12;.833;3;4;.750;5;5;1.000;0;3;3;6;2;0;2;2;28;+25
16/01/2023;PHO;2;jacksja02;Jaren Jackson Jr.;25:35;5;11;.455;1;4;.250;7;8;.875;2;6;8;1;2;6;1;0;18;+30
16/01/2023;PHO;3;adamsst01;Steven Adams;24:07;4;5;.800;0;0;;0;0;;5;4;9;2;0;0;1;3;8;+17
16/01/2023;PHO;4;brookdi01;Dillon Brooks;23:54;4;8;.500;0;0;;1;2;.500;0;2;2;1;1;0;1;3;9;+20
16/01/2023;PHO;5;Reserves;Reserves
16/01/2023;PHO;6;aldamsa01;Santi Aldama;22:25;2;6;.333;2;5;.400;0;0;;1;4;5;1;0;0;2;2;6;0
16/01/2023;PHO;7;jonesty01;Tyus Jones;21:51;4;12;.333;2;8;.250;0;0;;0;4;4;8;0;0;1;1;10;+9
16/01/2023;PHO;8;roddyda01;David Roddy;18:14;4;8;.500;2;3;.667;0;0;;1;7;8;0;1;0;1;2;10;+14
16/01/2023;PHO;9;clarkbr01;Brandon Clarke;17:52;6;8;.750;0;0;;1;3;.333;2;4;6;1;0;0;0;2;13;+14
16/01/2023;PHO;10;willizi02;Ziaire Williams;17:18;1;3;.333;1;3;.333;0;0;;1;2;3;0;0;0;0;3;3;+14
16/01/2023;PHO;11;tillmxa01;Xavier Tillman Sr.;5:53;0;1;.000;0;0;;0;0;;0;0;0;1;0;0;0;0;0;-1
16/01/2023;PHO;12;chandke01;Kennedy Chandler;4:43;1;2;.500;0;0;;0;0;;1;0;1;1;0;0;0;0;2;-2
16/01/2023;PHO;13;laravja01;Jake LaRavia;3:57;0;2;.000;0;2;.000;0;0;;0;0;0;0;1;0;0;0;0;-4
