dateId;teamId;order;playerId;Starters;MP;FG;FGA;FG%;3P;3PA;3P%;FT;FTA;FT%;ORB;DRB;TRB;AST;STL;BLK;TOV;PF;PTS;+/-
04/02/2023;HOU;0;smithja05;Jabari Smith Jr.;31:27;4;8;.500;1;3;.333;2;3;.667;0;3;3;2;0;0;3;3;11;-37
04/02/2023;HOU;1;martike04;Kenyon Martin Jr.;31:06;1;4;.250;0;2;.000;2;2;1.000;2;3;5;3;0;1;1;0;4;-27
04/02/2023;HOU;2;greenja05;Jalen Green;22:24;4;15;.267;2;8;.250;2;2;1.000;0;2;2;4;0;2;1;1;12;-32
04/02/2023;HOU;3;nixda01;Daishen Nix;17:09;1;3;.333;0;2;.000;0;0;;0;2;2;5;0;1;2;0;2;-20
04/02/2023;HOU;4;sengual01;Alperen Şengün;15:13;5;8;.625;0;0;;0;0;;1;3;4;1;1;1;3;4;10;-24
04/02/2023;HOU;5;Reserves;Reserves
04/02/2023;HOU;6;chrisjo01;Josh Christopher;28:20;7;11;.636;2;2;1.000;4;6;.667;0;0;0;5;1;1;3;2;20;-4
04/02/2023;HOU;7;easonta01;Tari Eason;25:22;5;11;.455;1;2;.500;7;9;.778;3;5;8;0;1;0;1;2;18;-6
04/02/2023;HOU;8;washity02;TyTy Washington Jr.;25:01;9;16;.563;2;7;.286;0;0;;0;0;0;2;0;1;0;3;20;-15
04/02/2023;HOU;9;fernabr01;Bruno Fernando;17:32;4;4;1.000;0;0;;1;2;.500;2;3;5;3;0;1;0;2;9;+9
04/02/2023;HOU;10;garubus01;Usman Garuba;14:51;4;7;.571;2;4;.500;0;0;;1;3;4;1;1;0;1;1;10;-10
04/02/2023;HOU;11;hudgitr01;Trevor Hudgins;5:50;0;0;;0;0;;3;3;1.000;0;0;0;3;0;0;0;0;3;+3
04/02/2023;HOU;12;marjabo01;Boban Marjanović;5:44;1;2;.500;0;0;;0;0;;0;1;1;0;0;0;0;0;2;+3
04/02/2023;HOU;13;mathega01;Garrison Mathews;Did Not Play
04/02/2023;HOU;0;gilgesh01;Shai Gilgeous-Alexander;30:20;14;23;.609;0;2;.000;14;15;.933;0;4;4;6;3;2;0;3;42;+38
04/02/2023;HOU;1;willija06;Jalen Williams;30:10;0;3;.000;0;2;.000;2;2;1.000;2;4;6;7;0;0;1;1;2;+23
04/02/2023;HOU;2;giddejo01;Josh Giddey;27:39;8;13;.615;1;4;.250;0;0;;3;5;8;10;3;1;2;1;17;+30
04/02/2023;HOU;3;wiggiaa01;Aaron Wiggins;22:44;4;9;.444;1;5;.200;0;0;;0;1;1;1;0;1;0;1;9;+34
04/02/2023;HOU;4;muscami01;Mike Muscala;18:04;7;10;.700;5;8;.625;0;0;;1;5;6;0;0;0;0;1;19;+19
04/02/2023;HOU;5;Reserves;Reserves
04/02/2023;HOU;6;willija07;Jaylin Williams;24:42;3;4;.750;2;2;1.000;0;0;;2;4;6;1;0;1;1;1;8;+10
04/02/2023;HOU;7;manntr01;Tre Mann;22:45;4;10;.400;1;6;.167;2;4;.500;0;2;2;5;1;0;0;3;11;0
04/02/2023;HOU;8;diengou01;Ousmane Dieng;21:52;3;7;.429;2;5;.400;1;1;1.000;0;4;4;3;0;0;3;5;9;-10
04/02/2023;HOU;9;joeis01;Isaiah Joe;18:52;6;10;.600;5;8;.625;1;1;1.000;0;0;0;2;2;1;1;0;18;+14
04/02/2023;HOU;10;bazleda01;Darius Bazley;12:16;3;3;1.000;2;2;1.000;0;0;;0;2;2;0;1;0;0;1;8;-12
04/02/2023;HOU;11;willike04;Kenrich Williams;10:32;4;5;.800;2;2;1.000;0;0;;1;2;3;4;1;0;0;2;10;+14
