dateId;teamId;order;playerId;Starters;MP;FG;FGA;FG%;3P;3PA;3P%;FT;FTA;FT%;ORB;DRB;TRB;AST;STL;BLK;TOV;PF;PTS;+/-
28/10/2022;PHI;0;maxeyty01;Tyrese Maxey;39:49;15;20;.750;9;12;.750;5;6;.833;0;8;8;4;1;0;2;3;44;+29
28/10/2022;PHI;1;hardeja01;James Harden;33:43;4;9;.444;0;3;.000;3;3;1.000;1;3;4;4;0;2;5;2;11;+3
28/10/2022;PHI;2;meltode01;De'Anthony Melton;30:45;6;15;.400;1;5;.200;0;0;;2;3;5;6;5;0;1;1;13;+9
28/10/2022;PHI;3;harrito02;Tobias Harris;28:00;5;14;.357;2;8;.250;1;1;1.000;1;4;5;3;2;0;1;2;13;+12
28/10/2022;PHI;4;tuckepj01;P.J. Tucker;22:33;2;3;.667;1;1;1.000;0;0;;2;3;5;1;1;0;0;4;5;+15
28/10/2022;PHI;5;Reserves;Reserves
28/10/2022;PHI;6;thybuma01;Matisse Thybulle;21:48;2;6;.333;2;5;.400;0;0;;1;2;3;3;1;2;0;0;6;+1
28/10/2022;PHI;7;niangge01;Georges Niang;19:55;2;4;.500;1;3;.333;0;0;;0;5;5;0;0;1;2;4;5;+10
28/10/2022;PHI;8;harremo01;Montrezl Harrell;17:22;4;4;1.000;0;0;;1;1;1.000;0;2;2;2;0;1;2;1;9;+12
28/10/2022;PHI;9;houseda01;Danuel House Jr.;10:30;0;1;.000;0;1;.000;0;0;;0;2;2;0;0;0;1;1;0;+3
28/10/2022;PHI;10;miltosh01;Shake Milton;8:50;1;4;.250;0;0;;0;0;;0;0;0;1;0;0;0;1;2;+7
28/10/2022;PHI;11;sprinja01;Jaden Springer;2:15;2;2;1.000;0;0;;0;0;;0;0;0;0;0;0;0;1;4;+3
28/10/2022;PHI;12;korkmfu01;Furkan Korkmaz;2:15;0;0;;0;0;;0;0;;0;1;1;1;0;0;0;0;0;+3
28/10/2022;PHI;13;reedpa01;Paul Reed;2:15;0;0;;0;0;;0;0;;0;1;1;0;1;0;0;0;0;+3
28/10/2022;PHI;14;embiijo01;Joel Embiid;Did Not Play
28/10/2022;PHI;0;anunoog01;OG Anunoby;35:49;7;16;.438;2;7;.286;3;5;.600;3;6;9;2;2;1;2;2;19;-12
28/10/2022;PHI;1;siakapa01;Pascal Siakam;35:47;9;15;.600;1;3;.333;7;9;.778;2;8;10;6;0;0;5;3;26;-7
28/10/2022;PHI;2;vanvlfr01;Fred VanVleet;34:13;0;11;.000;0;8;.000;1;3;.333;1;2;3;5;1;0;1;3;1;-19
28/10/2022;PHI;3;trentga02;Gary Trent Jr.;32:57;6;15;.400;2;7;.286;0;0;;1;3;4;3;1;0;2;0;14;-25
28/10/2022;PHI;4;barnesc01;Scottie Barnes;28:54;4;7;.571;3;4;.750;2;2;1.000;2;4;6;1;1;0;2;1;13;-21
28/10/2022;PHI;5;Reserves;Reserves
28/10/2022;PHI;6;bouchch01;Chris Boucher;22:06;3;6;.500;1;2;.500;1;3;.333;0;3;3;1;1;3;1;3;8;-8
28/10/2022;PHI;7;achiupr01;Precious Achiuwa;14:57;0;6;.000;0;3;.000;0;0;;2;1;3;1;0;1;2;1;0;-10
28/10/2022;PHI;8;kolokch01;Christian Koloko;10:02;1;1;1.000;0;0;;1;2;.500;2;0;2;1;2;0;0;1;3;+3
28/10/2022;PHI;9;bantoda01;Dalano Banton;8:45;2;5;.400;0;2;.000;0;0;;1;1;2;0;1;0;1;0;4;-1
28/10/2022;PHI;10;flynnma01;Malachi Flynn;5:07;0;0;;0;0;;0;0;;0;0;0;0;0;0;0;1;0;-5
28/10/2022;PHI;11;youngth01;Thaddeus Young;4:55;0;1;.000;0;1;.000;0;0;;0;2;2;0;0;0;0;0;0;-3
28/10/2022;PHI;12;champju01;Justin Champagnie;3:14;1;1;1.000;0;0;;0;0;;1;0;1;0;0;0;0;0;2;-1
28/10/2022;PHI;13;hernaju01;Juancho Hernangómez;3:14;0;2;.000;0;2;.000;0;0;;0;0;0;0;0;0;1;0;0;-1
28/10/2022;PHI;14;birchkh01;Khem Birch;Did Not Play
