dateId;teamId;order;playerId;Starters;MP;FG;FGA;FG%;3P;3PA;3P%;FT;FTA;FT%;ORB;DRB;TRB;AST;STL;BLK;TOV;PF;PTS;+/-
21/01/2023;ORL;0;cartewe01;Wendell Carter Jr.;31:06;5;9;.556;1;2;.500;0;0;;1;8;9;2;0;2;2;0;11;-3
21/01/2023;ORL;1;fultzma01;Markelle Fultz;29:18;8;14;.571;3;4;.750;4;4;1.000;1;4;5;8;1;0;1;3;23;-2
21/01/2023;ORL;2;banchpa01;Paolo Banchero;28:23;5;12;.417;1;4;.250;4;6;.667;1;0;1;4;0;0;0;1;15;-6
21/01/2023;ORL;3;wagnefr01;Franz Wagner;26:54;5;11;.455;1;2;.500;9;10;.900;0;4;4;1;0;0;1;3;20;-17
21/01/2023;ORL;4;harriga01;Gary Harris;19:53;3;4;.750;3;4;.750;0;0;;0;1;1;2;0;1;1;3;9;-10
21/01/2023;ORL;5;Reserves;Reserves
21/01/2023;ORL;6;rosste01;Terrence Ross;23:59;3;9;.333;2;5;.400;0;0;;0;1;1;2;0;0;0;0;8;-7
21/01/2023;ORL;7;anthoco01;Cole Anthony;21:48;3;7;.429;0;1;.000;0;0;;0;6;6;1;1;3;2;1;6;-17
21/01/2023;ORL;8;bambamo01;Mo Bamba;19:34;3;6;.500;2;4;.500;0;0;;2;6;8;2;0;0;0;3;8;-11
21/01/2023;ORL;9;bolbo01;Bol Bol;16:02;4;9;.444;0;2;.000;3;4;.750;2;2;4;0;0;4;1;1;11;-11
21/01/2023;ORL;10;suggsja01;Jalen Suggs;12:37;1;4;.250;1;4;.250;0;0;;0;0;0;1;1;0;1;4;3;-4
21/01/2023;ORL;11;wagnemo01;Moritz Wagner;8:06;2;5;.400;0;2;.000;0;0;;2;0;2;1;0;0;1;0;4;-11
21/01/2023;ORL;12;schofad01;Admiral Schofield;2:20;0;0;;0;0;;0;0;;0;0;0;0;0;0;0;0;0;-1
21/01/2023;ORL;0;kuzmaky01;Kyle Kuzma;31:42;9;20;.450;5;11;.455;2;6;.333;1;9;10;6;0;1;1;0;25;+19
21/01/2023;ORL;1;bealbr01;Bradley Beal;27:49;7;14;.500;2;3;.667;1;1;1.000;1;3;4;8;0;0;1;3;17;-1
21/01/2023;ORL;2;gaffoda01;Daniel Gafford;24:13;6;8;.750;0;0;;2;2;1.000;4;4;8;2;1;1;1;6;14;+18
21/01/2023;ORL;3;morrimo01;Monte Morris;24:06;4;5;.800;2;3;.667;0;0;;0;1;1;6;1;0;0;0;10;0
21/01/2023;ORL;4;porzikr01;Kristaps Porziņģis;22:59;3;10;.300;1;3;.333;10;10;1.000;1;5;6;0;0;1;2;2;17;+5
21/01/2023;ORL;5;Reserves;Reserves
21/01/2023;ORL;6;hachiru01;Rui Hachimura;29:59;13;22;.591;3;5;.600;1;2;.500;0;5;5;0;0;2;0;1;30;+20
21/01/2023;ORL;7;avdijde01;Deni Avdija;24:40;0;5;.000;0;3;.000;0;2;.000;0;4;4;0;1;0;0;2;0;+4
21/01/2023;ORL;8;wrighde01;Delon Wright;23:54;5;5;1.000;3;3;1.000;2;2;1.000;1;2;3;8;3;0;0;2;15;+20
21/01/2023;ORL;9;kispeco01;Corey Kispert;15:44;3;4;.750;2;3;.667;0;0;;0;1;1;1;0;0;0;0;8;+9
21/01/2023;ORL;10;gibsota01;Taj Gibson;12:39;1;2;.500;0;0;;0;0;;1;2;3;2;0;0;3;2;2;+5
21/01/2023;ORL;11;gillan01;Anthony Gill;2:14;0;0;;0;0;;0;0;;0;1;1;1;0;0;0;0;0;+1
21/01/2023;ORL;12;bartowi01;Will Barton;Did Not Play
