dateId;teamId;order;playerId;Starters;MP;FG;FGA;FG%;3P;3PA;3P%;FT;FTA;FT%;ORB;DRB;TRB;AST;STL;BLK;TOV;PF;PTS;+/-
19/11/2022;SAS;0;sochaje01;Jeremy Sochan;28:00;2;6;.333;0;1;.000;0;0;;2;2;4;2;0;1;7;2;4;-24
19/11/2022;SAS;1;bateske01;Keita Bates-Diop;27:45;4;7;.571;1;1;1.000;0;0;;2;3;5;0;0;1;0;1;9;-14
19/11/2022;SAS;2;johnske04;Keldon Johnson;27:37;5;15;.333;1;5;.200;0;0;;1;1;2;1;1;0;0;1;11;-18
19/11/2022;SAS;3;jonestr01;Tre Jones;25:57;3;13;.231;0;2;.000;0;0;;1;1;2;10;1;0;1;2;6;-5
19/11/2022;SAS;4;poeltja01;Jakob Poeltl;25:04;8;15;.533;0;0;;4;4;1.000;3;5;8;3;1;0;0;1;20;-16
19/11/2022;SAS;5;Reserves;Reserves
19/11/2022;SAS;6;bassech01;Charles Bassey;22:56;2;6;.333;0;1;.000;2;4;.500;2;7;9;0;0;0;3;1;6;-6
19/11/2022;SAS;7;robyis01;Isaiah Roby;21:17;2;6;.333;1;5;.200;3;3;1.000;0;4;4;1;1;0;1;2;8;-17
19/11/2022;SAS;8;richajo01;Josh Richardson;18:22;3;7;.429;0;3;.000;0;0;;2;2;4;3;0;0;1;1;6;-13
19/11/2022;SAS;9;mcderdo01;Doug McDermott;17:01;5;6;.833;3;4;.750;0;0;;1;1;2;0;0;0;1;1;13;-10
19/11/2022;SAS;10;halljo02;Jordan Hall;9:36;0;3;.000;0;2;.000;5;6;.833;0;1;1;1;0;0;1;0;5;+4
19/11/2022;SAS;11;branhma01;Malaki Branham;9:36;1;2;.500;1;2;.500;0;0;;0;1;1;1;0;0;0;1;3;+4
19/11/2022;SAS;12;barlodo01;Dominick Barlow;6:49;1;1;1.000;0;0;;4;4;1.000;1;0;1;0;0;0;0;0;6;+5
19/11/2022;SAS;13;dienggo01;Gorgui Dieng;Did Not Play
19/11/2022;SAS;0;jacksre01;Reggie Jackson;30:09;8;11;.727;4;4;1.000;0;1;.000;0;3;3;4;1;0;1;1;20;+22
19/11/2022;SAS;1;morrima03;Marcus Morris;25:22;4;9;.444;3;7;.429;0;0;;0;2;2;3;0;0;2;1;11;+20
19/11/2022;SAS;2;zubaciv01;Ivica Zubac;23:59;0;1;.000;0;0;;3;6;.500;3;8;11;1;0;1;1;4;3;+10
19/11/2022;SAS;3;leonaka01;Kawhi Leonard;22:08;5;8;.625;1;3;.333;0;0;;0;1;1;4;0;0;1;0;11;0
19/11/2022;SAS;4;georgpa01;Paul George;14:49;8;12;.667;5;8;.625;0;0;;0;1;1;1;2;0;0;0;21;+25
19/11/2022;SAS;5;Reserves;Reserves
19/11/2022;SAS;6;powelno01;Norman Powell;31:01;10;16;.625;5;8;.625;1;2;.500;0;1;1;2;2;0;1;3;26;+10
19/11/2022;SAS;7;mannte01;Terance Mann;28:25;3;4;.750;2;2;1.000;2;2;1.000;2;1;3;1;0;0;4;2;10;0
19/11/2022;SAS;8;walljo01;John Wall;23:46;2;8;.250;0;3;.000;1;2;.500;0;4;4;15;4;0;1;1;5;+21
19/11/2022;SAS;9;batumni01;Nicolas Batum;15:57;1;4;.250;1;3;.333;0;0;;1;2;3;1;0;0;1;2;3;+17
19/11/2022;SAS;10;brownmo01;Moses Brown;9:39;2;2;1.000;0;0;;2;4;.500;0;2;2;0;0;0;0;5;6;-5
19/11/2022;SAS;11;coffeam01;Amir Coffey;7:56;1;3;.333;0;0;;1;2;.500;1;0;1;0;0;0;0;1;3;-5
19/11/2022;SAS;12;covinro01;Robert Covington;6:49;0;3;.000;0;2;.000;0;0;;0;3;3;0;0;0;0;0;0;-5
