dateId;teamId;order;playerId;Starters;MP;FG;FGA;FG%;3P;3PA;3P%;FT;FTA;FT%;ORB;DRB;TRB;AST;STL;BLK;TOV;PF;PTS;+/-
31/12/2022;NYK;0;quickim01;Immanuel Quickley;40:28;9;25;.360;4;13;.308;5;6;.833;2;3;5;7;3;0;2;4;27;+25
31/12/2022;NYK;1;randlju01;Julius Randle;38:35;9;20;.450;5;13;.385;12;16;.750;4;8;12;6;0;1;1;3;35;+25
31/12/2022;NYK;2;grimequ01;Quentin Grimes;36:12;8;15;.533;3;8;.375;0;0;;0;2;2;2;2;1;2;3;19;+10
31/12/2022;NYK;3;mcbrimi01;Miles McBride;34:41;1;10;.100;1;8;.125;2;2;1.000;1;1;2;1;1;0;3;2;5;+17
31/12/2022;NYK;4;robinmi01;Mitchell Robinson;33:10;2;4;.500;0;0;;2;4;.500;6;6;12;1;3;3;0;5;6;+24
31/12/2022;NYK;5;Reserves;Reserves
31/12/2022;NYK;6;fournev01;Evan Fournier;19:42;2;8;.250;2;6;.333;2;2;1.000;0;1;1;1;0;0;1;0;8;+12
31/12/2022;NYK;7;harteis01;Isaiah Hartenstein;14:50;0;1;.000;0;0;;0;2;.000;1;3;4;1;1;0;1;3;0;-4
31/12/2022;NYK;8;rosede01;Derrick Rose;10:54;2;5;.400;0;3;.000;0;0;;0;1;1;1;0;0;0;0;4;-4
31/12/2022;NYK;9;simsje01;Jericho Sims;9:25;2;2;1.000;0;0;;0;0;;2;5;7;0;0;0;0;0;4;-5
31/12/2022;NYK;10;arcidry01;Ryan Arcidiacono;2:03;0;0;;0;0;;0;0;;0;0;0;0;0;0;0;0;0;0
31/12/2022;NYK;11;mykhasv01;Svi Mykhailiuk;Did Not Play
31/12/2022;NYK;12;reddica01;Cam Reddish;Did Not Play
31/12/2022;NYK;0;porteke02;Kevin Porter Jr.;35:08;7;12;.583;4;8;.500;5;5;1.000;0;10;10;8;0;0;5;2;23;-16
31/12/2022;NYK;1;greenja05;Jalen Green;34:55;4;12;.333;3;8;.375;5;6;.833;1;2;3;3;0;0;5;3;16;-16
31/12/2022;NYK;2;gordoer01;Eric Gordon;27:10;5;10;.500;2;4;.500;0;1;.000;0;0;0;3;0;1;4;1;12;-13
31/12/2022;NYK;3;fernabr01;Bruno Fernando;21:26;0;2;.000;0;0;;1;2;.500;2;3;5;0;0;2;1;4;1;-16
31/12/2022;NYK;4;smithja05;Jabari Smith Jr.;19:33;3;8;.375;3;6;.500;1;2;.500;0;2;2;1;0;0;1;4;10;-12
31/12/2022;NYK;5;Reserves;Reserves
31/12/2022;NYK;6;easonta01;Tari Eason;23:34;4;11;.364;1;5;.200;0;1;.000;5;8;13;1;3;1;3;0;9;0
31/12/2022;NYK;7;martike04;Kenyon Martin Jr.;19:35;2;5;.400;1;3;.333;0;0;;0;3;3;2;1;0;2;2;5;-1
31/12/2022;NYK;8;garubus01;Usman Garuba;19:31;2;5;.400;0;3;.000;1;2;.500;1;7;8;0;0;2;1;2;5;+1
31/12/2022;NYK;9;washity02;TyTy Washington Jr.;12:35;0;3;.000;0;2;.000;1;2;.500;0;2;2;0;0;0;0;3;1;-3
31/12/2022;NYK;10;mathega01;Garrison Mathews;12:25;0;5;.000;0;5;.000;0;0;;0;2;2;0;0;0;0;2;0;-11
31/12/2022;NYK;11;marjabo01;Boban Marjanović;8:06;2;2;1.000;0;0;;2;2;1.000;2;1;3;0;0;0;1;1;6;-7
31/12/2022;NYK;12;chrisjo01;Josh Christopher;3:01;0;1;.000;0;1;.000;0;0;;0;0;0;1;0;0;0;0;0;-3
31/12/2022;NYK;13;nixda01;Daishen Nix;3:01;0;1;.000;0;1;.000;0;0;;1;0;1;1;0;0;1;0;0;-3
