dateId;teamId;order;playerId;Starters;MP;FG;FGA;FG%;3P;3PA;3P%;FT;FTA;FT%;ORB;DRB;TRB;AST;STL;BLK;TOV;PF;PTS;+/-
18/12/2022;CHI;0;derozde01;DeMar DeRozan;38:52;10;19;.526;2;4;.500;7;9;.778;1;3;4;6;2;0;1;2;29;-5
18/12/2022;CHI;1;willipa01;Patrick Williams;32:15;4;9;.444;2;5;.400;3;3;1.000;0;2;2;4;0;0;0;3;13;-19
18/12/2022;CHI;2;vucevni01;Nikola Vučević;32:14;10;15;.667;3;6;.500;0;0;;1;8;9;5;2;1;4;3;23;-18
18/12/2022;CHI;3;lavinza01;Zach LaVine;30:36;8;16;.500;3;6;.500;3;4;.750;0;1;1;6;0;0;2;2;22;-21
18/12/2022;CHI;4;carusal01;Alex Caruso;25:56;2;5;.400;1;3;.333;0;0;;2;1;3;2;1;0;2;1;5;-13
18/12/2022;CHI;5;Reserves;Reserves
18/12/2022;CHI;6;jonesde02;Derrick Jones Jr.;19:59;5;7;.714;2;3;.667;1;1;1.000;1;2;3;1;0;0;0;2;13;-9
18/12/2022;CHI;7;dragigo01;Goran Dragić;19:27;2;4;.500;1;3;.333;1;2;.500;0;3;3;5;0;0;1;0;6;-4
18/12/2022;CHI;8;dosunay01;Ayo Dosunmu;19:20;2;7;.286;0;3;.000;1;2;.500;1;2;3;2;0;0;1;1;5;-21
18/12/2022;CHI;9;whiteco01;Coby White;19:08;3;5;.600;2;4;.500;2;3;.667;0;2;2;0;1;0;0;2;10;-4
18/12/2022;CHI;10;bradlto01;Tony Bradley;2:13;0;1;.000;0;1;.000;0;0;;0;0;0;0;0;0;0;0;0;-6
18/12/2022;CHI;11;drumman01;Andre Drummond;Did Not Play
18/12/2022;CHI;0;edwaran01;Anthony Edwards;37:52;13;24;.542;4;10;.400;7;7;1.000;1;6;7;11;2;0;4;2;37;+15
18/12/2022;CHI;1;russeda01;D'Angelo Russell;36:59;10;14;.714;7;10;.700;1;1;1.000;0;2;2;8;0;0;3;3;28;+33
18/12/2022;CHI;2;mcdanja02;Jaden McDaniels;33:59;6;8;.750;2;3;.667;1;1;1.000;0;8;8;5;0;3;3;2;15;+31
18/12/2022;CHI;3;anderky01;Kyle Anderson;21:05;1;6;.167;0;4;.000;0;0;;0;2;2;3;1;1;0;5;2;-17
18/12/2022;CHI;4;reidna01;Naz Reid;11:52;4;4;1.000;2;2;1.000;0;2;.000;0;3;3;0;1;0;0;0;10;+14
18/12/2022;CHI;5;Reserves;Reserves
18/12/2022;CHI;6;knighna01;Nathan Knight;26:10;6;8;.750;1;2;.500;3;3;1.000;1;1;2;3;0;0;1;3;16;+8
18/12/2022;CHI;7;riverau01;Austin Rivers;25:49;5;7;.714;4;6;.667;0;0;;0;4;4;1;0;0;0;1;14;-1
18/12/2022;CHI;8;nowelja01;Jaylen Nowell;21:55;4;6;.667;1;3;.333;0;0;;1;3;4;3;1;0;0;2;9;+11
18/12/2022;CHI;9;garzalu01;Luka Garza;9:58;3;3;1.000;0;0;;1;2;.500;1;3;4;3;0;0;1;2;7;+2
18/12/2022;CHI;10;forbebr01;Bryn Forbes;9:06;4;6;.667;2;3;.667;0;0;;0;2;2;0;0;0;0;1;10;+6
18/12/2022;CHI;11;minotjo01;Josh Minott;1:45;1;1;1.000;0;0;;0;0;;0;0;0;0;0;0;0;0;2;+6
18/12/2022;CHI;12;moorewe01;Wendell Moore Jr.;1:45;0;0;;0;0;;0;0;;0;1;1;0;0;1;0;0;0;+6
18/12/2022;CHI;13;ryanma01;Matt Ryan;1:45;0;0;;0;0;;0;0;;0;0;0;1;0;0;0;0;0;+6
