dateId;teamId;order;playerId;Starters;MP;FG;FGA;FG%;3P;3PA;3P%;FT;FTA;FT%;ORB;DRB;TRB;AST;STL;BLK;TOV;PF;PTS;+/-
13/11/2022;BRK;0;duranke01;Kevin Durant;37:50;8;16;.500;2;3;.667;13;15;.867;0;9;9;7;0;2;3;2;31;-15
13/11/2022;BRK;1;onealro01;Royce O'Neale;37:14;2;8;.250;1;4;.250;1;2;.500;0;4;4;4;2;0;1;4;6;-13
13/11/2022;BRK;2;harrijo01;Joe Harris;31:01;4;7;.571;2;4;.500;0;0;;0;5;5;0;0;0;1;3;10;-26
13/11/2022;BRK;3;sumneed01;Edmond Sumner;25:53;5;12;.417;1;5;.200;2;2;1.000;1;0;1;1;1;0;3;2;13;-5
13/11/2022;BRK;4;claxtni01;Nic Claxton;15:51;4;4;1.000;0;0;;0;2;.000;2;3;5;0;0;0;1;2;8;-16
13/11/2022;BRK;5;Reserves;Reserves
13/11/2022;BRK;6;watanyu01;Yuta Watanabe;22:45;5;8;.625;0;2;.000;1;1;1.000;2;3;5;2;0;1;0;1;11;-9
13/11/2022;BRK;7;thomaca02;Cam Thomas;22:34;4;9;.444;0;2;.000;7;9;.778;0;3;3;2;1;0;1;1;15;+8
13/11/2022;BRK;8;morrima02;Markieff Morris;20:23;2;6;.333;1;3;.333;0;0;;1;3;4;5;0;1;1;2;5;+13
13/11/2022;BRK;9;millspa02;Patty Mills;12:56;1;6;.167;0;4;.000;0;0;;1;0;1;1;1;0;0;0;2;-17
13/11/2022;BRK;10;dukeda01;David Duke Jr.;6:15;1;3;.333;0;0;;0;0;;0;0;0;0;0;1;0;0;2;+5
13/11/2022;BRK;11;edwarke02;Kessler Edwards;3:39;0;0;;0;0;;0;0;;0;0;0;0;0;0;0;0;0;+5
13/11/2022;BRK;12;sharpda01;Day'Ron Sharpe;3:39;0;1;.000;0;0;;0;0;;1;3;4;0;0;0;1;0;0;+5
13/11/2022;BRK;13;simmobe01;Ben Simmons;Did Not Dress
13/11/2022;BRK;0;browntr01;Troy Brown Jr.;35:51;4;7;.571;1;2;.500;0;0;;1;3;4;1;2;0;0;0;9;+22
13/11/2022;BRK;1;davisan02;Anthony Davis;33:38;15;25;.600;0;0;;7;7;1.000;10;8;18;2;0;0;1;5;37;+15
13/11/2022;BRK;2;reaveau01;Austin Reaves;32:36;5;8;.625;3;4;.750;2;3;.667;0;1;1;3;0;0;1;2;15;+20
13/11/2022;BRK;3;walkelo01;Lonnie Walker IV;30:22;9;15;.600;4;5;.800;3;3;1.000;0;1;1;0;0;0;0;2;25;+20
13/11/2022;BRK;4;beverpa01;Patrick Beverley;25:32;1;5;.200;0;4;.000;0;1;.000;0;4;4;5;0;1;1;5;2;+8
13/11/2022;BRK;5;Reserves;Reserves
13/11/2022;BRK;6;westbru01;Russell Westbrook;27:48;4;15;.267;1;6;.167;5;6;.833;1;5;6;12;0;1;4;3;14;-6
13/11/2022;BRK;7;chrisma02;Max Christie;20:39;0;1;.000;0;0;;0;0;;0;9;9;0;0;0;0;0;0;+1
13/11/2022;BRK;8;gabriwe01;Wenyen Gabriel;14:22;4;7;.571;1;1;1.000;0;0;;0;0;0;0;0;0;1;1;9;-2
13/11/2022;BRK;9;nunnke01;Kendrick Nunn;10:36;0;4;.000;0;3;.000;0;0;;0;1;1;2;0;0;0;2;0;-12
13/11/2022;BRK;10;ryanma01;Matt Ryan;6:29;1;3;.333;1;2;.500;0;0;;0;1;1;0;0;0;0;1;3;+2
13/11/2022;BRK;11;toscaju01;Juan Toscano-Anderson;2:07;1;1;1.000;0;0;;0;0;;0;0;0;0;1;0;1;1;2;-3
13/11/2022;BRK;12;jonesda03;Damian Jones;Did Not Play
