dateId;teamId;order;playerId;Starters;MP;FG;FGA;FG%;3P;3PA;3P%;FT;FTA;FT%;ORB;DRB;TRB;AST;STL;BLK;TOV;PF;PTS;+/-
17/12/2022;MIA;0;herroty01;Tyler Herro;38:07;6;16;.375;3;9;.333;6;6;1.000;0;6;6;7;2;0;4;4;21;+11
17/12/2022;MIA;1;adebaba01;Bam Adebayo;35:51;11;18;.611;0;0;;0;0;;4;9;13;3;1;0;4;4;22;+29
17/12/2022;MIA;2;butleji01;Jimmy Butler;34:26;9;15;.600;1;2;.500;7;10;.700;1;4;5;4;2;1;0;2;26;+12
17/12/2022;MIA;3;strusma01;Max Strus;27:12;5;10;.500;2;6;.333;0;0;;1;3;4;3;1;0;0;2;12;+7
17/12/2022;MIA;4;jovicni01;Nikola Jović;14:47;1;3;.333;1;2;.500;0;0;;0;1;1;0;1;0;1;2;3;+10
17/12/2022;MIA;5;Reserves;Reserves
17/12/2022;MIA;6;oladivi01;Victor Oladipo;33:44;3;7;.429;1;4;.250;0;0;;0;2;2;3;5;0;2;4;7;-2
17/12/2022;MIA;7;robindu01;Duncan Robinson;25:34;4;8;.500;3;6;.500;1;1;1.000;0;2;2;3;2;0;0;5;12;+3
17/12/2022;MIA;8;highsha01;Haywood Highsmith;18:10;1;1;1.000;0;0;;1;4;.250;1;4;5;0;0;1;0;3;3;-1
17/12/2022;MIA;9;dedmode01;Dewayne Dedmon;7:42;1;3;.333;0;1;.000;1;2;.500;1;0;1;1;0;1;1;1;3;-19
17/12/2022;MIA;10;robinor01;Orlando Robinson;4:27;1;1;1.000;0;0;;0;0;;0;1;1;1;0;0;0;0;2;0
17/12/2022;MIA;11;hasleud01;Udonis Haslem;Did Not Play
17/12/2022;MIA;0;johnske04;Keldon Johnson;33:25;6;14;.429;3;5;.600;7;7;1.000;0;2;2;3;1;0;2;3;22;+1
17/12/2022;MIA;1;jonestr01;Tre Jones;31:51;2;10;.200;0;2;.000;5;6;.833;0;3;3;9;1;0;4;1;9;-18
17/12/2022;MIA;2;vassede01;Devin Vassell;31:46;5;14;.357;1;7;.143;7;9;.778;1;2;3;2;1;0;2;3;18;-27
17/12/2022;MIA;3;poeltja01;Jakob Poeltl;20:50;3;6;.500;0;0;;1;4;.250;2;5;7;0;2;0;1;1;7;-16
17/12/2022;MIA;4;sochaje01;Jeremy Sochan;16:27;1;5;.200;0;0;;0;2;.000;0;4;4;4;0;0;0;4;2;-17
17/12/2022;MIA;5;Reserves;Reserves
17/12/2022;MIA;6;bateske01;Keita Bates-Diop;32:01;5;9;.556;0;2;.000;0;0;;2;2;4;4;1;0;1;2;10;-4
17/12/2022;MIA;7;colliza01;Zach Collins;24:17;4;5;.800;1;1;1.000;4;4;1.000;2;4;6;5;0;2;5;3;13;+5
17/12/2022;MIA;8;mcderdo01;Doug McDermott;21:00;3;8;.375;2;6;.333;0;0;;0;5;5;1;0;1;1;2;8;+9
17/12/2022;MIA;9;branhma01;Malaki Branham;19:59;4;5;.800;3;4;.750;1;1;1.000;0;0;0;0;2;0;0;0;12;+13
17/12/2022;MIA;10;bassech01;Charles Bassey;2:48;0;0;;0;0;;0;0;;0;3;3;0;0;0;0;0;0;+1
17/12/2022;MIA;11;johnsst04;Stanley Johnson;2:48;0;1;.000;0;0;;0;0;;0;0;0;0;0;0;1;0;0;+1
17/12/2022;MIA;12;robyis01;Isaiah Roby;2:48;0;0;;0;0;;0;0;;0;1;1;1;0;0;0;0;0;+2
17/12/2022;MIA;13;dienggo01;Gorgui Dieng;Did Not Play
