dateId;teamId;order;playerId;Starters;MP;FG;FGA;FG%;3P;3PA;3P%;FT;FTA;FT%;ORB;DRB;TRB;AST;STL;BLK;TOV;PF;PTS;+/-
24/03/2023;CHI;0;vucevni01;Nikola Vučević;30:23;10;13;.769;1;1;1.000;2;2;1.000;2;13;15;4;1;0;5;3;23;+34
24/03/2023;CHI;1;lavinza01;Zach LaVine;30:17;12;20;.600;6;9;.667;3;4;.750;2;2;4;8;0;1;3;2;33;+15
24/03/2023;CHI;2;willipa01;Patrick Williams;26:56;3;12;.250;2;4;.500;2;2;1.000;1;2;3;0;1;3;2;1;10;+13
24/03/2023;CHI;3;beverpa01;Patrick Beverley;23:44;1;5;.200;0;2;.000;2;2;1.000;0;6;6;4;1;1;0;2;4;+19
24/03/2023;CHI;4;carusal01;Alex Caruso;16:24;2;2;1.000;1;1;1.000;1;2;.500;0;0;0;1;0;0;0;0;6;+2
24/03/2023;CHI;5;Reserves;Reserves
24/03/2023;CHI;6;whiteco01;Coby White;31:44;7;9;.778;4;5;.800;1;1;1.000;1;3;4;9;2;0;2;3;19;+24
24/03/2023;CHI;7;jonesde02;Derrick Jones Jr.;26:03;4;7;.571;0;1;.000;0;0;;2;0;2;2;0;2;0;2;8;+19
24/03/2023;CHI;8;dosunay01;Ayo Dosunmu;24:16;5;6;.833;3;4;.750;0;0;;0;1;1;2;0;0;2;1;13;+9
24/03/2023;CHI;9;terryda01;Dalen Terry;17:35;3;4;.750;0;0;;0;1;.000;1;3;4;3;0;0;0;3;6;+15
24/03/2023;CHI;10;drumman01;Andre Drummond;12:38;1;6;.167;0;1;.000;0;0;;2;6;8;0;1;1;2;2;2;-10
24/03/2023;CHI;11;greenja02;Javonte Green;Did Not Dress
24/03/2023;CHI;0;sharpsh01;Shaedon Sharpe;38:15;9;20;.450;4;11;.364;2;2;1.000;2;2;4;2;0;1;3;1;24;-19
24/03/2023;CHI;1;watfotr01;Trendon Watford;27:51;5;10;.500;0;2;.000;5;5;1.000;0;6;6;3;0;1;2;2;15;-18
24/03/2023;CHI;2;eubandr01;Drew Eubanks;24:49;5;7;.714;0;0;;2;2;1.000;1;6;7;1;2;1;1;1;12;-13
24/03/2023;CHI;3;arcidry01;Ryan Arcidiacono;21:39;0;5;.000;0;2;.000;0;0;;0;0;0;6;2;0;1;0;0;-10
24/03/2023;CHI;4;thybuma01;Matisse Thybulle;14:05;2;3;.667;1;2;.500;0;2;.000;0;0;0;1;1;0;2;0;5;-8
24/03/2023;CHI;5;Reserves;Reserves
24/03/2023;CHI;6;johnske07;Keon Johnson;26:21;4;9;.444;1;4;.250;3;3;1.000;1;1;2;6;4;0;2;4;12;-18
24/03/2023;CHI;7;walkeja01;Jabari Walker;23:11;6;13;.462;0;1;.000;2;2;1.000;1;2;3;1;1;0;1;4;14;-15
24/03/2023;CHI;8;reddica01;Cam Reddish;22:08;1;6;.167;0;3;.000;2;2;1.000;2;2;4;2;0;0;0;2;4;-6
24/03/2023;CHI;9;knoxke01;Kevin Knox;17:21;3;8;.375;0;3;.000;0;0;;0;2;2;1;0;0;0;0;6;-15
24/03/2023;CHI;10;littlna01;Nassir Little;16:44;2;5;.400;0;3;.000;0;0;;1;1;2;0;0;1;0;0;4;-12
24/03/2023;CHI;11;butlejo01;John Butler;7:36;0;0;;0;0;;0;0;;0;1;1;0;0;1;0;0;0;-6
