dateId;teamId;order;playerId;Starters;MP;FG;FGA;FG%;3P;3PA;3P%;FT;FTA;FT%;ORB;DRB;TRB;AST;STL;BLK;TOV;PF;PTS;+/-
02/04/2023;DET;0;hayeski01;Killian Hayes;33:47;6;12;.500;0;3;.000;8;8;1.000;0;2;2;7;0;0;5;4;20;-19
02/04/2023;DET;1;iveyja01;Jaden Ivey;30:51;4;14;.286;2;7;.286;4;4;1.000;1;2;3;6;1;0;4;5;14;-11
02/04/2023;DET;2;liveris01;Isaiah Livers;30:37;3;7;.429;2;5;.400;2;2;1.000;2;4;6;1;0;1;2;4;10;-11
02/04/2023;DET;3;wisemja01;James Wiseman;22:32;4;8;.500;0;0;;4;4;1.000;1;9;10;1;0;0;0;3;12;-22
02/04/2023;DET;4;baglema01;Marvin Bagley III;8:38;0;4;.000;0;1;.000;2;2;1.000;0;1;1;0;0;0;0;1;2;-4
02/04/2023;DET;5;Reserves;Reserves
02/04/2023;DET;6;omorueu01;Eugene Omoruyi;27:39;6;17;.353;3;11;.273;4;7;.571;0;2;2;2;2;0;2;2;19;-5
02/04/2023;DET;7;durenja01;Jalen Duren;21:56;3;6;.500;0;0;;1;2;.500;5;2;7;0;1;0;1;3;7;-4
02/04/2023;DET;8;hamptrj01;R.J. Hampton;21:25;2;4;.500;0;2;.000;0;2;.000;0;2;2;0;0;0;1;3;4;-16
02/04/2023;DET;9;josepco01;Cory Joseph;20:45;2;4;.500;2;4;.500;2;3;.667;0;2;2;5;0;0;0;2;8;-19
02/04/2023;DET;10;rhodeja01;Jared Rhoden;16:37;1;1;1.000;0;0;;2;2;1.000;0;2;2;0;0;0;1;1;4;-14
02/04/2023;DET;11;boehebu01;Buddy Boeheim;5:13;1;1;1.000;0;0;;0;0;;0;1;1;0;0;0;0;1;2;-5
02/04/2023;DET;12;mcgruro01;Rodney McGruder;Did Not Play
02/04/2023;DET;0;wagnefr01;Franz Wagner;31:20;5;11;.455;1;3;.333;5;6;.833;0;5;5;8;3;0;1;1;16;+33
02/04/2023;DET;1;banchpa01;Paolo Banchero;29:18;4;9;.444;2;4;.500;4;11;.364;1;8;9;3;0;0;4;1;14;+9
02/04/2023;DET;2;fultzma01;Markelle Fultz;24:09;5;8;.625;1;1;1.000;0;2;.000;0;2;2;6;1;2;4;1;11;+10
02/04/2023;DET;3;cartewe01;Wendell Carter Jr.;23:19;4;8;.500;3;5;.600;3;4;.750;2;7;9;1;3;1;1;3;14;+14
02/04/2023;DET;4;harriga01;Gary Harris;18:32;3;4;.750;2;3;.667;0;0;;1;2;3;0;0;0;0;3;8;+3
02/04/2023;DET;5;Reserves;Reserves
02/04/2023;DET;6;anthoco01;Cole Anthony;27:44;6;11;.545;2;5;.400;3;4;.750;2;4;6;3;0;0;1;4;17;+6
02/04/2023;DET;7;suggsja01;Jalen Suggs;25:31;5;9;.556;4;6;.667;4;5;.800;0;2;2;2;4;1;2;5;18;+20
02/04/2023;DET;8;bitadgo01;Goga Bitadze;17:51;5;6;.833;0;1;.000;3;4;.750;1;2;3;3;0;1;0;6;13;+8
02/04/2023;DET;9;wagnemo01;Moritz Wagner;17:37;4;4;1.000;1;1;1.000;2;2;1.000;0;0;0;1;0;1;1;1;11;+15
02/04/2023;DET;10;okekech01;Chuma Okeke;11:26;1;2;.500;1;2;.500;0;0;;0;1;1;0;0;0;0;0;3;-1
02/04/2023;DET;11;houstca01;Caleb Houstan;5:39;0;1;.000;0;1;.000;0;0;;0;0;0;2;0;0;0;0;0;+6
02/04/2023;DET;12;schofad01;Admiral Schofield;3:15;0;1;.000;0;1;.000;0;0;;0;0;0;1;0;0;0;0;0;+5
02/04/2023;DET;13;scrubja01;Jay Scrubb;2:32;1;1;1.000;0;0;;0;0;;0;1;1;0;0;0;0;1;2;+2
02/04/2023;DET;14;cartemi01;Michael Carter-Williams;1:47;0;0;;0;0;;1;2;.500;0;0;0;0;0;0;0;0;1;0
02/04/2023;DET;15;bolbo01;Bol Bol;Did Not Play
