dateId;teamId;order;playerId;Starters;MP;FG;FGA;FG%;3P;3PA;3P%;FT;FTA;FT%;ORB;DRB;TRB;AST;STL;BLK;TOV;PF;PTS;+/-
03/03/2023;PHO;0;bookede01;Devin Booker;35:51;12;24;.500;6;10;.600;5;6;.833;2;3;5;6;1;1;0;3;35;+23
03/03/2023;PHO;1;okogijo01;Josh Okogie;32:02;7;15;.467;5;10;.500;6;6;1.000;2;2;4;0;0;0;1;1;25;+15
03/03/2023;PHO;2;duranke01;Kevin Durant;30:54;7;10;.700;2;4;.500;4;5;.800;1;8;9;6;1;1;2;2;20;+24
03/03/2023;PHO;3;paulch01;Chris Paul;29:25;4;8;.500;3;7;.429;0;0;;1;5;6;10;2;0;2;1;11;+13
03/03/2023;PHO;4;aytonde01;Deandre Ayton;27:26;2;4;.500;0;0;;3;4;.750;1;2;3;0;1;0;0;4;7;+11
03/03/2023;PHO;5;Reserves;Reserves
03/03/2023;PHO;6;craigto01;Torrey Craig;20:59;0;4;.000;0;4;.000;0;0;;2;2;4;0;0;1;1;3;0;-3
03/03/2023;PHO;7;landajo01;Jock Landale;20:34;3;3;1.000;0;0;;3;4;.750;4;2;6;1;0;2;0;1;9;+10
03/03/2023;PHO;8;payneca01;Cameron Payne;17:04;2;8;.250;2;7;.286;0;0;;0;0;0;3;0;1;3;2;6;+8
03/03/2023;PHO;9;leeda03;Damion Lee;15:58;4;6;.667;2;4;.500;0;0;;0;1;1;1;0;0;0;0;10;+6
03/03/2023;PHO;10;bazleda01;Darius Bazley;6:45;1;2;.500;0;1;.000;0;0;;0;3;3;1;1;1;0;3;2;-2
03/03/2023;PHO;11;leesa01;Saben Lee;1:31;0;0;;0;0;;0;0;;0;0;0;1;0;0;0;0;0;0
03/03/2023;PHO;12;wainris01;Ish Wainright;1:31;0;0;;0;0;;0;0;;0;0;0;0;0;0;0;0;0;0
03/03/2023;PHO;13;biyombi01;Bismack Biyombo;Did Not Play
03/03/2023;PHO;14;warretj01;T.J. Warren;Did Not Play
03/03/2023;PHO;0;lavinza01;Zach LaVine;36:58;8;21;.381;2;7;.286;9;11;.818;3;1;4;4;1;0;2;2;27;-15
03/03/2023;PHO;1;derozde01;DeMar DeRozan;35:41;13;18;.722;1;1;1.000;4;7;.571;0;0;0;6;2;0;0;3;31;-22
03/03/2023;PHO;2;vucevni01;Nikola Vučević;31:01;6;15;.400;1;3;.333;0;0;;2;7;9;2;1;0;2;3;13;-14
03/03/2023;PHO;3;beverpa01;Patrick Beverley;29:09;1;2;.500;0;1;.000;0;0;;1;1;2;2;0;1;0;1;2;-12
03/03/2023;PHO;4;willipa01;Patrick Williams;28:37;4;8;.500;0;2;.000;1;2;.500;1;2;3;0;0;0;0;2;9;-26
03/03/2023;PHO;5;Reserves;Reserves
03/03/2023;PHO;6;whiteco01;Coby White;21:29;1;3;.333;1;2;.500;2;2;1.000;0;1;1;3;0;0;1;0;5;-5
03/03/2023;PHO;7;carusal01;Alex Caruso;19:26;1;4;.250;1;4;.250;2;2;1.000;0;5;5;2;0;0;0;0;5;+5
03/03/2023;PHO;8;dosunay01;Ayo Dosunmu;17:38;3;6;.500;1;3;.333;1;1;1.000;1;1;2;4;2;0;2;1;8;-9
03/03/2023;PHO;9;drumman01;Andre Drummond;15:28;2;6;.333;0;0;;0;0;;1;7;8;1;1;0;1;3;4;-7
03/03/2023;PHO;10;jonesde02;Derrick Jones Jr.;1:31;0;0;;0;0;;0;0;;0;0;0;0;0;0;0;0;0;0
03/03/2023;PHO;11;taylote01;Terry Taylor;1:31;0;0;;0;0;;0;0;;0;0;0;0;0;0;0;0;0;0
03/03/2023;PHO;12;terryda01;Dalen Terry;1:31;0;0;;0;0;;0;0;;0;0;0;0;0;0;0;0;0;0
