dateId;teamId;order;playerId;Starters;MP;FG;FGA;FG%;3P;3PA;3P%;FT;FTA;FT%;ORB;DRB;TRB;AST;STL;BLK;TOV;PF;PTS;+/-
30/01/2023;WAS;0;kuzmaky01;Kyle Kuzma;31:42;5;11;.455;1;3;.333;5;6;.833;0;6;6;3;0;0;5;2;16;+5
30/01/2023;WAS;1;porzikr01;Kristaps Porziņģis;30:00;7;13;.538;1;3;.333;2;2;1.000;1;8;9;7;3;5;2;5;17;+9
30/01/2023;WAS;2;bealbr01;Bradley Beal;29:50;8;14;.571;3;6;.500;2;2;1.000;0;7;7;7;0;2;2;1;21;+13
30/01/2023;WAS;3;kispeco01;Corey Kispert;27:05;5;11;.455;4;7;.571;0;0;;0;2;2;2;2;0;1;1;14;+7
30/01/2023;WAS;4;morrimo01;Monte Morris;24:19;4;6;.667;3;4;.750;0;0;;1;1;2;4;0;0;1;1;11;+11
30/01/2023;WAS;5;Reserves;Reserves
30/01/2023;WAS;6;avdijde01;Deni Avdija;33:18;10;12;.833;2;2;1.000;3;4;.750;1;8;9;1;1;1;2;4;25;+25
30/01/2023;WAS;7;wrighde01;Delon Wright;23:24;2;4;.500;1;2;.500;0;0;;1;5;6;2;0;0;0;1;5;+10
30/01/2023;WAS;8;nunnke01;Kendrick Nunn;20:11;5;11;.455;1;3;.333;1;1;1.000;1;2;3;2;1;0;0;1;12;+11
30/01/2023;WAS;9;gibsota01;Taj Gibson;17:57;2;4;.500;0;0;;0;0;;0;1;1;4;0;0;0;3;4;+12
30/01/2023;WAS;10;careyve01;Vernon Carey Jr.;2:11;0;0;;0;0;;2;2;1.000;0;0;0;0;0;0;0;0;2;+2
30/01/2023;WAS;11;bartowi01;Will Barton;Did Not Play
30/01/2023;WAS;0;johnske04;Keldon Johnson;33:48;12;21;.571;2;7;.286;0;2;.000;2;2;4;4;2;0;1;1;26;-10
30/01/2023;WAS;1;bateske01;Keita Bates-Diop;33:45;3;14;.214;1;5;.200;2;4;.500;3;5;8;2;2;2;1;0;9;-7
30/01/2023;WAS;2;jonestr01;Tre Jones;30:36;4;9;.444;0;2;.000;1;1;1.000;1;3;4;9;0;0;1;1;9;-4
30/01/2023;WAS;3;sochaje01;Jeremy Sochan;27:10;7;13;.538;1;3;.333;2;3;.667;0;2;2;5;0;0;1;4;17;-9
30/01/2023;WAS;4;poeltja01;Jakob Poeltl;21:39;2;5;.400;0;0;;3;4;.750;2;3;5;2;0;1;2;2;7;-14
30/01/2023;WAS;5;Reserves;Reserves
30/01/2023;WAS;6;johnsst04;Stanley Johnson;22:28;4;6;.667;0;1;.000;2;2;1.000;1;1;2;2;1;0;1;4;10;-21
30/01/2023;WAS;7;colliza01;Zach Collins;21:46;6;10;.600;1;2;.500;3;4;.750;4;7;11;0;0;2;1;2;16;-1
30/01/2023;WAS;8;mcderdo01;Doug McDermott;21:37;2;9;.222;2;5;.400;0;1;.000;0;1;1;0;0;0;0;1;6;-16
30/01/2023;WAS;9;branhma01;Malaki Branham;17:50;2;6;.333;0;3;.000;2;2;1.000;0;5;5;2;1;0;1;4;6;-12
30/01/2023;WAS;10;weslebl01;Blake Wesley;7:08;0;2;.000;0;1;.000;0;0;;0;0;0;0;0;1;1;1;0;-9
30/01/2023;WAS;11;robyis01;Isaiah Roby;2:11;0;2;.000;0;0;;0;0;;1;0;1;0;0;0;0;0;0;-2
