dateId;teamId;order;playerId;Starters;MP;FG;FGA;FG%;3P;3PA;3P%;FT;FTA;FT%;ORB;DRB;TRB;AST;STL;BLK;TOV;PF;PTS;+/-
23/10/2022;MIN;0;edwaran01;Anthony Edwards;33:32;13;19;.684;3;7;.429;1;3;.333;2;9;11;3;1;0;4;4;30;+22
23/10/2022;MIN;1;townska01;Karl-Anthony Towns;30:20;5;9;.556;1;3;.333;4;4;1.000;1;7;8;5;1;0;3;2;15;+14
23/10/2022;MIN;2;mcdanja02;Jaden McDaniels;27:18;5;9;.556;0;2;.000;1;2;.500;1;0;1;0;4;1;1;3;11;+5
23/10/2022;MIN;3;russeda01;D'Angelo Russell;25:48;2;5;.400;0;2;.000;2;2;1.000;1;2;3;6;1;0;3;0;6;0
23/10/2022;MIN;4;goberru01;Rudy Gobert;24:37;7;9;.778;0;1;.000;1;3;.333;2;13;15;1;0;1;1;2;15;-1
23/10/2022;MIN;5;Reserves;Reserves
23/10/2022;MIN;6;nowelja01;Jaylen Nowell;23:46;5;16;.313;1;6;.167;3;4;.750;1;5;6;1;2;0;1;0;14;+4
23/10/2022;MIN;7;princta02;Taurean Prince;23:17;4;8;.500;3;5;.600;0;0;;1;2;3;3;0;0;1;1;11;+18
23/10/2022;MIN;8;mclaujo01;Jordan McLaughlin;21:22;0;2;.000;0;1;.000;0;0;;2;1;3;4;0;0;0;0;0;+23
23/10/2022;MIN;9;reidna01;Naz Reid;13:04;5;7;.714;2;4;.500;2;4;.500;1;1;2;1;0;1;0;4;14;+2
23/10/2022;MIN;10;forbebr01;Bryn Forbes;11:58;0;3;.000;0;2;.000;0;0;;0;0;0;0;0;0;0;0;0;-13
23/10/2022;MIN;11;knighna01;Nathan Knight;2:29;0;0;;0;0;;0;0;;0;2;2;0;0;0;0;1;0;-12
23/10/2022;MIN;12;moorewe01;Wendell Moore Jr.;2:29;0;1;.000;0;1;.000;0;0;;0;0;0;0;0;0;1;0;0;-12
23/10/2022;MIN;13;riverau01;Austin Rivers;Did Not Play
23/10/2022;MIN;0;dortlu01;Luguentz Dort;29:54;6;15;.400;2;7;.286;6;6;1.000;1;2;3;2;2;0;2;1;20;-29
23/10/2022;MIN;1;manntr01;Tre Mann;27:32;5;12;.417;0;6;.000;0;1;.000;2;1;3;3;1;0;2;3;10;-3
23/10/2022;MIN;2;robinje02;Jeremiah Robinson-Earl;25:34;5;6;.833;3;4;.750;2;2;1.000;0;2;2;3;1;0;0;2;15;-9
23/10/2022;MIN;3;giddejo01;Josh Giddey;21:42;5;11;.455;0;2;.000;0;0;;0;2;2;5;0;0;4;2;10;-15
23/10/2022;MIN;4;willike04;Kenrich Williams;18:23;3;8;.375;0;2;.000;0;2;.000;0;2;2;1;1;0;1;0;6;-9
23/10/2022;MIN;5;Reserves;Reserves
23/10/2022;MIN;6;wiggiaa01;Aaron Wiggins;25:20;1;3;.333;0;2;.000;3;4;.750;0;2;2;1;0;1;0;0;5;-7
23/10/2022;MIN;7;diengou01;Ousmane Dieng;23:27;2;6;.333;1;3;.333;0;0;;1;5;6;3;1;2;1;2;5;+15
23/10/2022;MIN;8;waterli01;Lindy Waters III;13:42;1;6;.167;1;6;.167;0;0;;1;0;1;0;0;0;0;0;3;+3
23/10/2022;MIN;9;pokusal01;Aleksej Pokusevski;13:11;1;6;.167;0;2;.000;0;0;;1;1;2;0;0;0;1;0;2;-22
23/10/2022;MIN;10;omorueu01;Eugene Omoruyi;11:53;5;7;.714;1;2;.500;2;3;.667;1;2;3;1;0;0;0;2;13;+5
23/10/2022;MIN;11;muscami01;Mike Muscala;11:16;4;6;.667;1;3;.333;2;2;1.000;1;8;9;0;0;1;0;1;11;+10
23/10/2022;MIN;12;willija07;Jaylin Williams;7:37;2;4;.500;0;0;;0;1;.000;3;3;6;2;0;0;0;2;4;+13
23/10/2022;MIN;13;joeis01;Isaiah Joe;6:02;1;3;.333;0;2;.000;0;0;;0;1;1;3;1;0;0;0;2;+10
23/10/2022;MIN;14;bazleda01;Darius Bazley;4:27;0;1;.000;0;0;;0;0;;0;0;0;0;0;0;0;0;0;-12
23/10/2022;MIN;15;gilgesh01;Shai Gilgeous-Alexander;Did Not Dress
