dateId;teamId;order;playerId;Starters;MP;FG;FGA;FG%;3P;3PA;3P%;FT;FTA;FT%;ORB;DRB;TRB;AST;STL;BLK;TOV;PF;PTS;+/-
28/04/2023;SAC;0;murrake02;Keegan Murray;45:06;5;17;.294;4;13;.308;1;2;.500;5;7;12;2;0;1;1;2;15;+19
28/04/2023;SAC;1;foxde01;De'Aaron Fox;36:55;10;18;.556;2;5;.400;4;4;1.000;1;3;4;11;3;1;5;2;26;+20
28/04/2023;SAC;2;huertke01;Kevin Huerter;29:27;3;11;.273;3;8;.375;3;4;.750;0;1;1;0;0;2;1;5;12;+14
28/04/2023;SAC;3;sabondo01;Domantas Sabonis;23:01;3;12;.250;1;1;1.000;0;0;;9;2;11;4;1;1;5;6;7;+11
28/04/2023;SAC;4;barneha02;Harrison Barnes;14:32;2;5;.400;1;1;1.000;1;2;.500;1;3;4;0;0;1;1;0;6;0
28/04/2023;SAC;5;Reserves;Reserves
28/04/2023;SAC;6;monkma01;Malik Monk;31:54;8;14;.571;3;6;.500;9;10;.900;0;7;7;4;1;2;4;3;28;+21
28/04/2023;SAC;7;lylestr01;Trey Lyles;26:42;5;10;.500;2;6;.333;0;0;;1;8;9;0;2;0;1;2;12;+9
28/04/2023;SAC;8;daviste02;Terence Davis;19:24;2;5;.400;1;3;.333;2;2;1.000;1;1;2;2;1;0;1;6;7;+2
28/04/2023;SAC;9;mitchda01;Davion Mitchell;11:08;2;7;.286;0;2;.000;1;1;1.000;0;3;3;2;2;0;0;0;5;-1
28/04/2023;SAC;10;edwarke02;Kessler Edwards;0:30;0;0;;0;0;;0;0;;0;0;0;0;0;0;0;0;0;0
28/04/2023;SAC;11;doziepj01;PJ Dozier;0:27;0;0;;0;0;;0;0;;0;0;0;0;0;0;0;0;0;0
28/04/2023;SAC;12;lenal01;Alex Len;0:27;0;0;;0;0;;0;0;;0;0;0;0;0;0;0;0;0;0
28/04/2023;SAC;13;metuch01;Chimezie Metu;0:27;0;0;;0;0;;0;0;;0;0;0;0;0;0;0;0;0;0
28/04/2023;SAC;14;holmeri01;Richaun Holmes;Did Not Play
28/04/2023;SAC;0;curryst01;Stephen Curry;36:18;9;21;.429;5;12;.417;6;9;.667;0;4;4;5;2;1;5;2;29;-16
28/04/2023;SAC;1;thompkl01;Klay Thompson;35:03;8;20;.400;2;9;.222;4;4;1.000;0;2;2;0;0;0;3;3;22;-28
28/04/2023;SAC;2;wiggian01;Andrew Wiggins;33:07;5;13;.385;0;3;.000;3;6;.500;2;5;7;0;2;2;0;4;13;-7
28/04/2023;SAC;3;looneke01;Kevon Looney;27:25;3;6;.500;0;0;;1;2;.500;6;7;13;1;2;0;2;1;7;-19
28/04/2023;SAC;4;poolejo01;Jordan Poole;26:12;2;11;.182;1;2;.500;2;4;.500;0;0;0;1;2;0;1;3;7;-14
28/04/2023;SAC;5;Reserves;Reserves
28/04/2023;SAC;6;greendr01;Draymond Green;25:44;1;2;.500;0;0;;2;2;1.000;0;4;4;10;1;2;1;5;4;-13
28/04/2023;SAC;7;divindo01;Donte DiVincenzo;18:10;1;5;.200;1;3;.333;5;6;.833;3;1;4;2;1;0;2;3;8;+5
28/04/2023;SAC;8;moodymo01;Moses Moody;16:14;3;6;.500;1;2;.500;2;2;1.000;0;1;1;1;3;0;0;1;9;+5
28/04/2023;SAC;9;paytoga02;Gary Payton II;10:29;0;1;.000;0;0;;0;0;;0;3;3;0;0;1;2;1;0;-8
28/04/2023;SAC;10;greenja01;JaMychal Green;3:48;0;1;.000;0;1;.000;0;0;;0;1;1;0;0;0;0;0;0;0
28/04/2023;SAC;11;kuminjo01;Jonathan Kuminga;3:45;0;0;;0;0;;0;0;;0;1;1;0;0;0;1;0;0;0
28/04/2023;SAC;12;lamban01;Anthony Lamb;3:45;0;0;;0;0;;0;0;;0;2;2;0;1;0;1;0;0;0
