dateId;teamId;order;playerId;Starters;MP;FG;FGA;FG%;3P;3PA;3P%;FT;FTA;FT%;ORB;DRB;TRB;AST;STL;BLK;TOV;PF;PTS;+/-
14/12/2022;POR;0;lillada01;Damian Lillard;36:21;14;23;.609;7;14;.500;2;2;1.000;0;5;5;8;2;0;5;1;37;+7
14/12/2022;POR;1;grantje01;Jerami Grant;34:49;7;13;.538;2;6;.333;2;3;.667;0;4;4;2;1;1;3;2;18;+13
14/12/2022;POR;2;simonan01;Anfernee Simons;33:00;9;15;.600;5;9;.556;0;0;;0;3;3;4;0;0;4;3;23;+17
14/12/2022;POR;3;hartjo01;Josh Hart;32:31;2;7;.286;0;3;.000;1;2;.500;3;7;10;3;0;0;0;1;5;+8
14/12/2022;POR;4;nurkiju01;Jusuf Nurkić;30:29;5;8;.625;0;1;.000;5;7;.714;2;5;7;6;0;1;2;4;15;+3
14/12/2022;POR;5;Reserves;Reserves
14/12/2022;POR;6;sharpsh01;Shaedon Sharpe;23:25;5;7;.714;2;4;.500;0;0;;0;1;1;0;1;0;1;3;12;+8
14/12/2022;POR;7;winslju01;Justise Winslow;15:29;1;1;1.000;0;0;;0;0;;0;3;3;0;0;0;1;4;2;+8
14/12/2022;POR;8;eubandr01;Drew Eubanks;14:17;3;3;1.000;0;0;;1;1;1.000;0;5;5;1;0;1;0;0;7;+13
14/12/2022;POR;9;watfotr01;Trendon Watford;13:11;1;1;1.000;0;0;;1;2;.500;0;2;2;2;1;0;0;1;3;+3
14/12/2022;POR;10;johnske07;Keon Johnson;3:14;1;2;.500;1;2;.500;0;0;;0;0;0;0;0;0;1;0;3;0
14/12/2022;POR;11;walkeja01;Jabari Walker;3:14;1;1;1.000;1;1;1.000;0;0;;0;0;0;0;0;0;0;1;3;0
14/12/2022;POR;12;paytoga02;Gary Payton II;Did Not Play
14/12/2022;POR;0;johnske04;Keldon Johnson;32:43;10;16;.625;1;3;.333;4;8;.500;1;6;7;2;0;0;1;1;25;-5
14/12/2022;POR;1;jonestr01;Tre Jones;25:11;5;11;.455;0;0;;0;0;;2;2;4;6;0;0;0;1;10;-14
14/12/2022;POR;2;bateske01;Keita Bates-Diop;23:46;5;6;.833;1;2;.500;2;4;.500;2;2;4;0;2;0;1;2;13;-15
14/12/2022;POR;3;richajo01;Josh Richardson;23:29;5;11;.455;1;5;.200;0;0;;1;1;2;0;4;0;2;1;11;+4
14/12/2022;POR;4;bassech01;Charles Bassey;19:51;3;6;.500;0;0;;0;0;;3;2;5;2;0;2;2;4;6;-9
14/12/2022;POR;5;Reserves;Reserves
14/12/2022;POR;6;vassede01;Devin Vassell;25:34;4;16;.250;2;4;.500;3;3;1.000;1;1;2;4;3;1;1;0;13;-10
14/12/2022;POR;7;dienggo01;Gorgui Dieng;24:14;2;7;.286;1;4;.250;0;0;;3;5;8;3;0;0;1;3;5;+4
14/12/2022;POR;8;sochaje01;Jeremy Sochan;21:28;2;6;.333;0;0;;0;0;;1;4;5;3;0;0;1;0;4;-2
14/12/2022;POR;9;mcderdo01;Doug McDermott;21:02;5;9;.556;3;5;.600;1;2;.500;0;1;1;0;0;0;1;4;14;-20
14/12/2022;POR;10;robyis01;Isaiah Roby;7:51;1;2;.500;1;1;1.000;1;2;.500;0;1;1;0;0;0;1;0;4;-10
14/12/2022;POR;11;branhma01;Malaki Branham;7:35;1;4;.250;1;4;.250;0;0;;0;0;0;1;0;0;0;0;3;-4
14/12/2022;POR;12;johnsst04;Stanley Johnson;4:02;1;2;.500;0;1;.000;0;0;;0;1;1;2;0;0;0;0;2;+1
14/12/2022;POR;13;barlodo01;Dominick Barlow;3:14;1;1;1.000;0;0;;0;0;;0;0;0;0;0;0;0;0;2;0
