dateId;teamId;order;playerId;Starters;MP;FG;FGA;FG%;3P;3PA;3P%;FT;FTA;FT%;ORB;DRB;TRB;AST;STL;BLK;TOV;PF;PTS;+/-
27/10/2022;LAC;0;jacksre01;Reggie Jackson;37:14;8;13;.615;2;4;.500;0;0;;0;2;2;4;1;0;0;1;18;-17
27/10/2022;LAC;1;zubaciv01;Ivica Zubac;34:21;4;9;.444;0;0;;4;6;.667;5;13;18;2;0;1;1;2;12;-14
27/10/2022;LAC;2;powelno01;Norman Powell;31:23;9;15;.600;2;7;.286;1;2;.500;1;2;3;2;0;1;3;2;21;-16
27/10/2022;LAC;3;georgpa01;Paul George;30:59;4;12;.333;0;4;.000;2;2;1.000;0;7;7;3;0;0;3;1;10;-25
27/10/2022;LAC;4;mannte01;Terance Mann;20:52;3;5;.600;0;2;.000;0;0;;1;0;1;0;1;1;3;4;6;+8
27/10/2022;LAC;5;Reserves;Reserves
27/10/2022;LAC;6;batumni01;Nicolas Batum;21:06;3;4;.750;1;2;.500;0;0;;1;1;2;2;2;1;3;2;7;-14
27/10/2022;LAC;7;walljo01;John Wall;20:57;6;12;.500;1;3;.333;4;5;.800;1;3;4;6;0;0;1;1;17;+7
27/10/2022;LAC;8;kennalu01;Luke Kennard;17:03;4;5;.800;2;3;.667;0;0;;1;0;1;0;1;0;4;1;10;-2
27/10/2022;LAC;9;covinro01;Robert Covington;15:00;1;2;.500;1;2;.500;0;0;;0;4;4;1;0;0;1;2;3;+6
27/10/2022;LAC;10;coffeam01;Amir Coffey;5:44;0;3;.000;0;1;.000;0;0;;0;0;0;0;0;0;0;1;0;+9
27/10/2022;LAC;11;brownmo01;Moses Brown;1:47;1;1;1.000;0;0;;1;2;.500;0;0;0;0;0;1;0;0;3;+6
27/10/2022;LAC;12;diabamo01;Moussa Diabaté;1:47;1;1;1.000;0;0;;1;1;1.000;0;2;2;1;1;0;0;0;3;+6
27/10/2022;LAC;13;bostobr01;Brandon Boston Jr.;1:47;0;0;;0;0;;0;0;;0;0;0;0;0;0;0;0;0;+6
27/10/2022;LAC;0;wiggiaa01;Aaron Wiggins;34:50;4;7;.571;3;6;.500;0;0;;1;5;6;3;1;0;1;3;11;+16
27/10/2022;LAC;1;dortlu01;Luguentz Dort;34:11;9;15;.600;1;5;.200;2;2;1.000;1;2;3;4;2;0;1;4;21;+18
27/10/2022;LAC;2;gilgesh01;Shai Gilgeous-Alexander;34:01;10;23;.435;2;4;.500;2;2;1.000;1;4;5;6;3;0;3;4;24;+12
27/10/2022;LAC;3;manntr01;Tre Mann;22:12;5;12;.417;4;7;.571;0;0;;1;2;3;3;2;0;1;2;14;+14
27/10/2022;LAC;4;robinje02;Jeremiah Robinson-Earl;14:31;2;4;.500;1;2;.500;0;0;;1;1;2;2;0;0;0;2;5;+7
27/10/2022;LAC;5;Reserves;Reserves
27/10/2022;LAC;6;pokusal01;Aleksej Pokusevski;26:24;6;11;.545;3;5;.600;0;0;;4;2;6;3;0;1;4;3;15;+2
27/10/2022;LAC;7;willike04;Kenrich Williams;25:57;5;8;.625;2;4;.500;0;0;;1;0;1;3;2;0;0;1;12;-9
27/10/2022;LAC;8;bazleda01;Darius Bazley;22:21;4;9;.444;1;2;.500;0;0;;3;6;9;1;0;3;1;0;9;-2
27/10/2022;LAC;9;diengou01;Ousmane Dieng;12:43;1;3;.333;0;2;.000;0;0;;0;0;0;1;0;0;0;1;2;-10
27/10/2022;LAC;10;muscami01;Mike Muscala;11:40;1;3;.333;0;1;.000;3;4;.750;0;1;1;1;0;0;0;0;5;-6
27/10/2022;LAC;11;joeis01;Isaiah Joe;1:10;0;0;;0;0;;0;0;;0;0;0;0;0;0;0;1;0;-2
27/10/2022;LAC;12;waterli01;Lindy Waters III;Did Not Play
27/10/2022;LAC;13;willija07;Jaylin Williams;Did Not Play
