dateId;teamId;order;playerId;Starters;MP;FG;FGA;FG%;3P;3PA;3P%;FT;FTA;FT%;ORB;DRB;TRB;AST;STL;BLK;TOV;PF;PTS;+/-
15/01/2023;HOU;0;nixda01;Daishen Nix;35:36;0;2;.000;0;2;.000;1;2;.500;0;1;1;2;1;0;4;3;1;-14
15/01/2023;HOU;1;martike04;Kenyon Martin Jr.;32:34;9;14;.643;1;3;.333;3;4;.750;3;6;9;2;0;0;1;2;22;-8
15/01/2023;HOU;2;smithja05;Jabari Smith Jr.;30:15;5;15;.333;2;6;.333;0;2;.000;0;5;5;2;1;0;1;2;12;-11
15/01/2023;HOU;3;sengual01;Alperen Şengün;29:36;7;12;.583;1;1;1.000;0;0;;4;4;8;6;1;1;6;2;15;-6
15/01/2023;HOU;4;gordoer01;Eric Gordon;29:34;8;16;.500;1;5;.200;7;8;.875;1;2;3;2;0;1;1;1;24;-8
15/01/2023;HOU;5;Reserves;Reserves
15/01/2023;HOU;6;easonta01;Tari Eason;19:34;5;6;.833;1;1;1.000;0;0;;2;2;4;2;3;1;0;2;11;-14
15/01/2023;HOU;7;chrisjo01;Josh Christopher;18:26;2;9;.222;0;6;.000;3;4;.750;0;2;2;2;1;2;2;0;7;-13
15/01/2023;HOU;8;mathega01;Garrison Mathews;15:26;1;5;.200;1;5;.200;3;3;1.000;0;2;2;0;1;0;3;2;6;-13
15/01/2023;HOU;9;garubus01;Usman Garuba;14:25;0;1;.000;0;0;;0;0;;0;4;4;2;0;1;0;2;0;-8
15/01/2023;HOU;10;washity02;TyTy Washington Jr.;12:24;1;4;.250;0;2;.000;0;0;;0;0;0;2;0;0;1;1;2;-7
15/01/2023;HOU;11;marjabo01;Boban Marjanović;2:10;0;0;;0;0;;0;0;;0;1;1;0;0;0;1;0;0;-3
15/01/2023;HOU;12;fernabr01;Bruno Fernando;Did Not Play
15/01/2023;HOU;0;mannte01;Terance Mann;40:52;12;16;.750;5;8;.625;2;3;.667;2;4;6;4;0;0;0;1;31;+16
15/01/2023;HOU;1;leonaka01;Kawhi Leonard;32:04;12;24;.500;3;5;.600;3;3;1.000;1;5;6;4;2;1;4;2;30;+9
15/01/2023;HOU;2;zubaciv01;Ivica Zubac;29:46;4;5;.800;0;0;;2;2;1.000;0;5;5;0;2;2;2;3;10;+3
15/01/2023;HOU;3;batumni01;Nicolas Batum;27:40;2;7;.286;1;5;.200;0;0;;1;4;5;3;2;1;0;2;5;+7
15/01/2023;HOU;4;coffeam01;Amir Coffey;18:26;2;6;.333;0;2;.000;1;2;.500;2;0;2;1;0;0;0;1;5;+1
15/01/2023;HOU;5;Reserves;Reserves
15/01/2023;HOU;6;powelno01;Norman Powell;27:26;5;11;.455;2;5;.400;6;7;.857;0;4;4;3;1;0;2;2;18;+27
15/01/2023;HOU;7;covinro01;Robert Covington;23:27;3;6;.500;2;3;.667;0;0;;1;4;5;1;3;0;1;2;8;+20
15/01/2023;HOU;8;jacksre01;Reggie Jackson;15:24;2;5;.400;0;2;.000;0;0;;1;1;2;5;2;0;5;1;4;+8
15/01/2023;HOU;9;brownmo01;Moses Brown;13:29;2;3;.667;0;0;;1;4;.250;2;4;6;0;0;2;1;2;5;+8
15/01/2023;HOU;10;bostobr01;Brandon Boston Jr.;8:46;2;5;.400;1;2;.500;0;0;;1;2;3;0;1;0;0;0;5;+4
15/01/2023;HOU;11;prestja01;Jason Preston;2:40;0;0;;0;0;;0;0;;0;0;0;0;0;0;0;0;0;+2
