dateId;teamId;order;playerId;Starters;MP;FG;FGA;FG%;3P;3PA;3P%;FT;FTA;FT%;ORB;DRB;TRB;AST;STL;BLK;TOV;PF;PTS;+/-
30/10/2022;NOP;0;marshna01;Naji Marshall;38:44;7;13;.538;3;5;.600;0;0;;1;5;6;4;2;0;2;3;17;+17
30/10/2022;NOP;1;murphtr02;Trey Murphy III;37:17;6;16;.375;3;9;.333;0;0;;4;1;5;1;1;0;1;0;15;+21
30/10/2022;NOP;2;mccolcj01;CJ McCollum;31:41;9;19;.474;4;8;.500;0;0;;0;5;5;3;1;0;0;2;22;+13
30/10/2022;NOP;3;willizi01;Zion Williamson;30:32;9;17;.529;0;0;;3;4;.750;3;9;12;7;1;0;1;1;21;+19
30/10/2022;NOP;4;valanjo01;Jonas Valančiūnas;23:55;4;6;.667;1;2;.500;2;4;.500;1;6;7;5;1;0;3;2;11;+1
30/10/2022;NOP;5;Reserves;Reserves
30/10/2022;NOP;6;grahade01;Devonte' Graham;23:33;3;6;.500;3;6;.500;0;0;;1;3;4;6;1;0;0;1;9;+14
30/10/2022;NOP;7;nancela02;Larry Nance Jr.;23:14;7;9;.778;1;1;1.000;0;0;;1;8;9;3;1;0;3;2;15;+19
30/10/2022;NOP;8;alvarjo01;Jose Alvarado;18:32;0;5;.000;0;4;.000;0;0;;1;0;1;2;0;0;0;1;0;+3
30/10/2022;NOP;9;hayesja02;Jaxson Hayes;8:26;1;1;1.000;0;0;;0;0;;0;1;1;1;1;1;0;2;2;+3
30/10/2022;NOP;10;templga01;Garrett Temple;3:34;0;1;.000;0;1;.000;0;0;;0;0;0;0;0;0;0;1;0;-3
30/10/2022;NOP;11;seabrde01;Dereon Seabron;0:32;0;0;;0;0;;0;0;;0;0;0;0;0;0;0;0;0;-2
30/10/2022;NOP;12;hernawi01;Willy Hernangómez;Did Not Play
30/10/2022;NOP;0;georgpa01;Paul George;27:46;5;19;.263;2;8;.250;2;2;1.000;1;2;3;3;1;0;4;3;14;-10
30/10/2022;NOP;1;jacksre01;Reggie Jackson;27:21;4;12;.333;1;7;.143;0;0;;2;3;5;3;1;0;4;1;9;-8
30/10/2022;NOP;2;morrima03;Marcus Morris;27:16;5;12;.417;2;5;.400;0;0;;0;8;8;4;1;0;1;4;12;-5
30/10/2022;NOP;3;zubaciv01;Ivica Zubac;23:26;2;3;.667;0;0;;0;2;.000;0;6;6;1;0;2;1;3;4;-10
30/10/2022;NOP;4;mannte01;Terance Mann;21:50;3;5;.600;0;2;.000;0;1;.000;2;3;5;2;0;0;0;0;6;-9
30/10/2022;NOP;5;Reserves;Reserves
30/10/2022;NOP;6;powelno01;Norman Powell;25:07;7;14;.500;3;7;.429;1;2;.500;2;1;3;3;0;1;2;1;18;-7
30/10/2022;NOP;7;kennalu01;Luke Kennard;22:44;3;5;.600;1;3;.333;0;0;;1;5;6;0;0;0;0;1;7;-15
30/10/2022;NOP;8;walljo01;John Wall;21:15;2;5;.400;0;1;.000;4;4;1.000;0;0;0;6;0;2;1;1;8;-19
30/10/2022;NOP;9;batumni01;Nicolas Batum;15:46;1;5;.200;0;4;.000;1;2;.500;0;2;2;0;0;1;0;1;3;-11
30/10/2022;NOP;10;coffeam01;Amir Coffey;13:56;2;2;1.000;0;0;;0;0;;0;1;1;2;0;0;1;0;4;-2
30/10/2022;NOP;11;bostobr01;Brandon Boston Jr.;4:31;2;4;.500;2;2;1.000;0;0;;0;0;0;0;0;0;0;0;6;-3
30/10/2022;NOP;12;brownmo01;Moses Brown;4:31;0;0;;0;0;;0;0;;0;0;0;0;0;0;0;0;0;-3
30/10/2022;NOP;13;diabamo01;Moussa Diabaté;4:31;0;0;;0;0;;0;0;;0;0;0;0;0;0;0;0;0;-3
