dateId;teamId;order;playerId;Starters;MP;FG;FGA;FG%;3P;3PA;3P%;FT;FTA;FT%;ORB;DRB;TRB;AST;STL;BLK;TOV;PF;PTS;+/-
06/11/2022;WAS;0;kuzmaky01;Kyle Kuzma;34:22;5;14;.357;2;9;.222;0;0;;2;9;11;2;0;1;3;3;12;-5
06/11/2022;WAS;1;morrimo01;Monte Morris;33:09;7;12;.583;2;5;.400;2;2;1.000;0;0;0;1;1;0;0;1;18;-9
06/11/2022;WAS;2;porzikr01;Kristaps Porziņģis;30:53;3;13;.231;1;6;.167;3;4;.750;1;3;4;3;1;3;4;5;10;+2
06/11/2022;WAS;3;avdijde01;Deni Avdija;26:03;2;12;.167;0;5;.000;0;0;;4;6;10;2;0;0;2;1;4;-16
06/11/2022;WAS;4;kispeco01;Corey Kispert;23:47;3;6;.500;0;3;.000;0;1;.000;0;3;3;3;0;0;0;0;6;-15
06/11/2022;WAS;5;Reserves;Reserves
06/11/2022;WAS;6;goodwjo01;Jordan Goodwin;26:02;4;7;.571;1;4;.250;0;0;;4;4;8;5;2;1;0;3;9;+12
06/11/2022;WAS;7;bartowi01;Will Barton;23:44;5;12;.417;1;5;.200;1;1;1.000;0;4;4;5;0;0;0;2;12;+3
06/11/2022;WAS;8;hachiru01;Rui Hachimura;22:17;7;12;.583;1;3;.333;0;1;.000;1;2;3;0;0;0;1;2;15;0
06/11/2022;WAS;9;gaffoda01;Daniel Gafford;13:34;4;6;.667;0;0;;1;1;1.000;2;3;5;2;0;0;0;3;9;+3
06/11/2022;WAS;10;gibsota01;Taj Gibson;3:33;1;2;.500;0;1;.000;0;0;;1;0;1;1;0;0;0;0;2;-11
06/11/2022;WAS;11;gillan01;Anthony Gill;2:36;0;0;;0;0;;0;0;;0;0;0;1;1;0;0;1;0;+6
06/11/2022;WAS;0;banede01;Desmond Bane;35:21;9;16;.563;4;8;.500;6;6;1.000;0;3;3;4;1;0;1;1;28;-1
06/11/2022;WAS;1;moranja01;Ja Morant;33:15;9;27;.333;1;4;.250;4;6;.667;2;7;9;6;1;0;4;0;23;+3
06/11/2022;WAS;2;brookdi01;Dillon Brooks;30:29;4;14;.286;0;4;.000;1;1;1.000;1;4;5;1;2;0;0;1;9;+3
06/11/2022;WAS;3;aldamsa01;Santi Aldama;26:54;2;9;.222;0;4;.000;0;1;.000;0;10;10;2;3;0;0;3;4;+6
06/11/2022;WAS;4;adamsst01;Steven Adams;22:11;2;2;1.000;0;0;;0;0;;5;5;10;1;0;0;1;3;4;+9
06/11/2022;WAS;5;Reserves;Reserves
06/11/2022;WAS;6;clarkbr01;Brandon Clarke;21:24;7;8;.875;0;0;;2;2;1.000;0;5;5;1;0;2;1;2;16;+5
06/11/2022;WAS;7;jonesty01;Tyus Jones;19:09;2;5;.400;1;3;.333;2;2;1.000;0;0;0;3;1;0;1;0;7;+12
06/11/2022;WAS;8;laravja01;Jake LaRavia;16:10;2;3;.667;2;3;.667;0;0;;0;1;1;1;0;0;0;2;6;+6
06/11/2022;WAS;9;roddyda01;David Roddy;15:34;1;3;.333;1;2;.500;0;0;;0;1;1;0;0;0;0;0;3;-4
06/11/2022;WAS;10;konchjo01;John Konchar;15:08;1;3;.333;0;1;.000;0;0;;2;2;4;1;0;0;0;2;2;-1
06/11/2022;WAS;11;tillmxa01;Xavier Tillman Sr.;4:25;0;1;.000;0;0;;1;2;.500;2;0;2;0;0;0;2;3;1;-8
06/11/2022;WAS;12;chandke01;Kennedy Chandler;Did Not Play
06/11/2022;WAS;13;willivi01;Vince Williams Jr.;Did Not Play
