dateId;teamId;order;playerId;Starters;MP;FG;FGA;FG%;3P;3PA;3P%;FT;FTA;FT%;ORB;DRB;TRB;AST;STL;BLK;TOV;PF;PTS;+/-
25/01/2023;SAS;0;johnske04;Keldon Johnson;33:00;9;20;.450;3;6;.500;4;4;1.000;1;4;5;0;0;0;1;3;25;-10
25/01/2023;SAS;1;sochaje01;Jeremy Sochan;26:37;6;14;.429;1;4;.250;1;1;1.000;3;4;7;3;1;0;3;2;14;-3
25/01/2023;SAS;2;jonestr01;Tre Jones;26:23;3;15;.200;0;5;.000;0;0;;1;2;3;6;4;0;1;0;6;-13
25/01/2023;SAS;3;bateske01;Keita Bates-Diop;25:09;5;10;.500;1;2;.500;0;0;;2;5;7;2;2;1;0;3;11;+3
25/01/2023;SAS;4;poeltja01;Jakob Poeltl;22:53;1;4;.250;0;0;;3;4;.750;3;5;8;4;1;0;1;2;5;-6
25/01/2023;SAS;5;Reserves;Reserves
25/01/2023;SAS;6;richajo01;Josh Richardson;24:41;3;12;.250;1;6;.167;0;0;;1;6;7;3;0;0;2;1;7;+8
25/01/2023;SAS;7;colliza01;Zach Collins;24:22;6;10;.600;0;2;.000;4;4;1.000;5;2;7;2;2;0;2;2;16;-3
25/01/2023;SAS;8;mcderdo01;Doug McDermott;23:15;3;10;.300;1;4;.250;2;2;1.000;0;1;1;0;1;0;1;3;9;-11
25/01/2023;SAS;9;branhma01;Malaki Branham;19:03;4;9;.444;1;4;.250;2;3;.667;0;0;0;0;0;0;0;2;11;+2
25/01/2023;SAS;10;johnsst04;Stanley Johnson;13:52;0;2;.000;0;1;.000;0;0;;1;2;3;2;0;1;3;1;0;-12
25/01/2023;SAS;11;dienggo01;Gorgui Dieng;0:45;0;0;;0;0;;0;0;;0;0;0;0;0;0;0;0;0;0
25/01/2023;SAS;12;robyis01;Isaiah Roby;Did Not Play
25/01/2023;SAS;0;schrode01;Dennis Schröder;37:32;3;12;.250;1;6;.167;2;3;.667;3;5;8;5;4;2;3;3;9;+15
25/01/2023;SAS;1;jamesle01;LeBron James;35:19;8;20;.400;1;6;.167;3;4;.750;1;8;9;11;0;0;6;0;20;+2
25/01/2023;SAS;2;beverpa01;Patrick Beverley;23:37;6;12;.500;3;7;.429;3;4;.750;0;2;2;1;2;1;2;0;18;-4
25/01/2023;SAS;3;bryanth01;Thomas Bryant;21:03;2;3;.667;0;0;;4;4;1.000;0;5;5;0;1;1;0;3;8;+1
25/01/2023;SAS;4;browntr01;Troy Brown Jr.;20:34;2;4;.500;2;3;.667;0;0;;1;6;7;1;1;0;0;1;6;+3
25/01/2023;SAS;5;Reserves;Reserves
25/01/2023;SAS;6;westbru01;Russell Westbrook;27:53;7;15;.467;0;3;.000;0;0;;0;2;2;4;1;0;3;4;14;-10
25/01/2023;SAS;7;davisan02;Anthony Davis;26:12;7;15;.467;1;3;.333;6;7;.857;5;7;12;1;1;4;3;2;21;+8
25/01/2023;SAS;8;chrisma02;Max Christie;24:23;1;2;.500;1;2;.500;2;2;1.000;0;4;4;1;1;1;1;0;5;+13
25/01/2023;SAS;9;hachiru01;Rui Hachimura;21:31;4;7;.571;1;3;.333;3;6;.500;1;5;6;1;1;0;0;0;12;+17
25/01/2023;SAS;10;gabriwe01;Wenyen Gabriel;0:45;0;0;;0;0;;0;0;;0;1;1;0;0;0;0;0;0;0
25/01/2023;SAS;11;toscaju01;Juan Toscano-Anderson;0:45;0;0;;0;0;;0;0;;0;0;0;0;0;0;1;0;0;0
25/01/2023;SAS;12;jonesda03;Damian Jones;0:26;0;0;;0;0;;0;0;;0;0;0;0;0;0;0;0;0;0
