dateId;teamId;order;playerId;Starters;MP;FG;FGA;FG%;3P;3PA;3P%;FT;FTA;FT%;ORB;DRB;TRB;AST;STL;BLK;TOV;PF;PTS;+/-
27/12/2022;SAS;0;johnske04;Keldon Johnson;30:44;7;18;.389;2;6;.333;3;4;.750;0;3;3;2;0;0;2;1;19;-4
27/12/2022;SAS;1;sochaje01;Jeremy Sochan;30:02;7;16;.438;0;2;.000;2;2;1.000;5;4;9;4;1;2;2;2;16;-2
27/12/2022;SAS;2;vassede01;Devin Vassell;29:44;8;15;.533;4;6;.667;0;0;;0;3;3;2;1;0;2;2;20;-16
27/12/2022;SAS;3;jonestr01;Tre Jones;28:43;6;13;.462;1;6;.167;1;1;1.000;2;2;4;5;4;0;3;3;14;-14
27/12/2022;SAS;4;poeltja01;Jakob Poeltl;26:02;4;4;1.000;0;0;;2;3;.667;1;5;6;2;0;1;3;4;10;-3
27/12/2022;SAS;5;Reserves;Reserves
27/12/2022;SAS;6;richajo01;Josh Richardson;25:51;3;10;.300;1;4;.250;2;2;1.000;1;1;2;1;1;0;1;1;9;-18
27/12/2022;SAS;7;branhma01;Malaki Branham;22:31;2;5;.400;1;2;.500;0;0;;0;2;2;1;1;0;1;2;5;-3
27/12/2022;SAS;8;colliza01;Zach Collins;19:25;4;7;.571;1;1;1.000;2;2;1.000;5;3;8;0;0;1;0;2;11;-17
27/12/2022;SAS;9;johnsst04;Stanley Johnson;13:47;3;6;.500;0;0;;0;0;;0;1;1;2;1;0;0;3;6;-12
27/12/2022;SAS;10;langfro01;Romeo Langford;8:05;0;3;.000;0;2;.000;0;0;;0;0;0;1;0;0;0;0;0;+1
27/12/2022;SAS;11;bassech01;Charles Bassey;2:33;1;1;1.000;0;0;;0;0;;1;1;2;0;0;0;0;1;2;+4
27/12/2022;SAS;12;robyis01;Isaiah Roby;2:33;1;1;1.000;0;0;;0;0;;1;0;1;0;0;0;0;0;2;+4
27/12/2022;SAS;13;bateske01;Keita Bates-Diop;Did Not Play
27/12/2022;SAS;14;dienggo01;Gorgui Dieng;Did Not Play
27/12/2022;SAS;0;gilgesh01;Shai Gilgeous-Alexander;33:24;9;14;.643;0;0;;10;11;.909;1;5;6;8;2;4;4;2;28;+11
27/12/2022;SAS;1;willija06;Jalen Williams;30:54;7;12;.583;0;1;.000;1;1;1.000;2;7;9;3;1;2;0;2;15;+14
27/12/2022;SAS;2;giddejo01;Josh Giddey;23:03;3;11;.273;1;1;1.000;0;0;;2;5;7;8;1;1;2;0;7;+8
27/12/2022;SAS;3;dortlu01;Luguentz Dort;22:12;4;9;.444;1;4;.250;0;0;;0;1;1;1;1;0;0;3;9;-2
27/12/2022;SAS;4;pokusal01;Aleksej Pokusevski;1:56;1;1;1.000;1;1;1.000;0;0;;0;1;1;0;0;1;0;0;3;+2
27/12/2022;SAS;5;Reserves;Reserves
27/12/2022;SAS;6;manntr01;Tre Mann;28:11;5;11;.455;3;6;.500;4;4;1.000;0;1;1;3;1;0;1;2;17;+13
27/12/2022;SAS;7;wiggiaa01;Aaron Wiggins;24:07;5;9;.556;1;1;1.000;1;1;1.000;4;2;6;0;1;0;3;2;12;+13
27/12/2022;SAS;8;bazleda01;Darius Bazley;21:45;2;4;.500;1;2;.500;2;6;.333;1;1;2;0;0;1;2;1;7;-8
27/12/2022;SAS;9;muscami01;Mike Muscala;21:22;5;8;.625;3;5;.600;6;6;1.000;2;4;6;2;1;1;0;1;19;+16
27/12/2022;SAS;10;willike04;Kenrich Williams;17:50;3;4;.750;1;1;1.000;0;0;;1;4;5;0;0;0;0;4;7;+8
27/12/2022;SAS;11;joeis01;Isaiah Joe;15:16;2;3;.667;1;2;.500;1;2;.500;0;1;1;0;2;0;0;1;6;+5
