dateId;teamId;order;playerId;Starters;MP;FG;FGA;FG%;3P;3PA;3P%;FT;FTA;FT%;ORB;DRB;TRB;AST;STL;BLK;TOV;PF;PTS;+/-
12/01/2023;OKC;0;dortlu01;Luguentz Dort;38:07;1;7;.143;1;4;.250;1;2;.500;1;1;2;3;1;0;1;2;4;+5
12/01/2023;OKC;1;giddejo01;Josh Giddey;35:36;7;14;.500;1;3;.333;5;5;1.000;1;3;4;8;1;0;3;2;20;+21
12/01/2023;OKC;2;gilgesh01;Shai Gilgeous-Alexander;34:49;10;16;.625;1;1;1.000;16;16;1.000;1;7;8;6;1;2;1;2;37;+11
12/01/2023;OKC;3;willija06;Jalen Williams;27:26;6;11;.545;2;3;.667;0;0;;1;4;5;4;1;1;2;2;14;-1
12/01/2023;OKC;4;willija07;Jaylin Williams;18:17;5;7;.714;1;1;1.000;0;0;;0;5;5;2;0;0;1;5;11;-8
12/01/2023;OKC;5;Reserves;Reserves
12/01/2023;OKC;6;manntr01;Tre Mann;18:13;5;9;.556;2;5;.400;2;2;1.000;0;0;0;2;0;0;0;2;14;+19
12/01/2023;OKC;7;willike04;Kenrich Williams;16:59;3;5;.600;2;3;.667;0;0;;0;4;4;1;0;1;1;1;8;-2
12/01/2023;OKC;8;joeis01;Isaiah Joe;16:04;2;6;.333;0;4;.000;3;4;.750;1;2;3;0;2;1;1;1;7;+24
12/01/2023;OKC;9;muscami01;Mike Muscala;15:32;3;5;.600;3;5;.600;0;0;;0;4;4;1;0;0;0;4;9;+24
12/01/2023;OKC;10;bazleda01;Darius Bazley;14:10;1;4;.250;0;2;.000;4;4;1.000;0;4;4;1;1;0;1;1;6;+3
12/01/2023;OKC;11;waterli01;Lindy Waters III;4:43;1;2;.500;1;2;.500;0;0;;0;0;0;0;0;1;0;0;3;-1
12/01/2023;OKC;12;omorueu01;Eugene Omoruyi;Did Not Play
12/01/2023;OKC;13;wiggiaa01;Aaron Wiggins;Did Not Play
12/01/2023;OKC;0;hardeja01;James Harden;36:25;6;13;.462;5;10;.500;7;8;.875;0;6;6;15;1;0;7;3;24;-4
12/01/2023;OKC;1;maxeyty01;Tyrese Maxey;33:07;6;13;.462;0;4;.000;5;5;1.000;1;1;2;6;2;0;3;4;17;-4
12/01/2023;OKC;2;harrito02;Tobias Harris;32:42;5;13;.385;2;7;.286;1;2;.500;1;2;3;1;0;1;0;2;13;-9
12/01/2023;OKC;3;embiijo01;Joel Embiid;27:34;10;17;.588;0;1;.000;10;10;1.000;2;8;10;2;0;1;3;5;30;-12
12/01/2023;OKC;4;tuckepj01;P.J. Tucker;21:03;0;1;.000;0;1;.000;0;0;;0;2;2;0;0;0;0;0;0;-4
12/01/2023;OKC;5;Reserves;Reserves
12/01/2023;OKC;6;meltode01;De'Anthony Melton;23:15;3;6;.500;2;4;.500;0;0;;0;3;3;3;0;0;0;4;8;-15
12/01/2023;OKC;7;niangge01;Georges Niang;16:22;3;7;.429;2;6;.333;2;2;1.000;1;2;3;0;0;0;2;2;10;0
12/01/2023;OKC;8;miltosh01;Shake Milton;15:06;2;7;.286;0;1;.000;0;0;;0;3;3;3;0;0;1;2;4;-4
12/01/2023;OKC;9;reedpa01;Paul Reed;13:19;2;6;.333;0;1;.000;0;0;;4;2;6;0;0;0;0;3;4;-8
12/01/2023;OKC;10;thybuma01;Matisse Thybulle;10:52;0;0;;0;0;;0;0;;0;0;0;0;1;1;0;3;0;-27
12/01/2023;OKC;11;harremo01;Montrezl Harrell;6:50;1;2;.500;0;0;;0;0;;0;1;1;0;0;0;1;1;2;-2
12/01/2023;OKC;12;korkmfu01;Furkan Korkmaz;1:41;1;2;.500;0;0;;0;0;;0;0;0;0;0;0;0;0;2;-3
12/01/2023;OKC;13;houseda01;Danuel House Jr.;1:41;0;1;.000;0;1;.000;0;0;;0;0;0;0;0;0;0;0;0;-3
