dateId;teamId;order;playerId;Starters;MP;FG;FGA;FG%;3P;3PA;3P%;FT;FTA;FT%;ORB;DRB;TRB;AST;STL;BLK;TOV;PF;PTS;+/-
17/11/2022;SAS;0;vassede01;Devin Vassell;36:14;11;19;.579;4;9;.444;3;5;.600;0;3;3;3;1;1;2;1;29;-14
17/11/2022;SAS;1;sochaje01;Jeremy Sochan;31:24;5;10;.500;0;2;.000;1;1;1.000;0;4;4;5;0;0;3;2;11;-12
17/11/2022;SAS;2;bateske01;Keita Bates-Diop;31:18;7;11;.636;0;2;.000;2;3;.667;1;3;4;2;1;1;0;2;16;-11
17/11/2022;SAS;3;jonestr01;Tre Jones;29:22;7;13;.538;1;2;.500;0;0;;0;1;1;4;2;0;3;2;15;-18
17/11/2022;SAS;4;poeltja01;Jakob Poeltl;27:21;5;9;.556;0;0;;0;0;;3;4;7;4;1;1;2;4;10;-10
17/11/2022;SAS;5;Reserves;Reserves
17/11/2022;SAS;6;richajo01;Josh Richardson;23:16;3;7;.429;2;4;.500;1;1;1.000;0;1;1;3;2;0;2;2;9;-6
17/11/2022;SAS;7;robyis01;Isaiah Roby;22:23;4;7;.571;3;3;1.000;0;0;;0;2;2;3;0;2;0;3;11;-6
17/11/2022;SAS;8;halljo02;Jordan Hall;15:41;1;3;.333;1;2;.500;2;2;1.000;2;3;5;2;0;0;2;2;5;-3
17/11/2022;SAS;9;dienggo01;Gorgui Dieng;11:38;1;3;.333;0;2;.000;0;0;;0;3;3;1;0;1;0;2;2;-11
17/11/2022;SAS;10;bassech01;Charles Bassey;11:23;2;2;1.000;0;0;;0;0;;1;1;2;2;1;0;4;2;4;+1
17/11/2022;SAS;11;johnske04;Keldon Johnson;Did Not Play
17/11/2022;SAS;0;huertke01;Kevin Huerter;34:11;3;11;.273;1;5;.200;0;0;;0;2;2;6;1;1;2;3;7;+2
17/11/2022;SAS;1;sabondo01;Domantas Sabonis;32:24;4;5;.800;1;1;1.000;7;7;1.000;0;8;8;1;0;0;2;4;16;-1
17/11/2022;SAS;2;foxde01;De'Aaron Fox;31:48;11;15;.733;2;3;.667;4;4;1.000;0;3;3;8;1;0;0;3;28;+36
17/11/2022;SAS;3;barneha02;Harrison Barnes;29:21;4;7;.571;1;3;.333;7;8;.875;1;7;8;2;2;0;1;0;16;+7
17/11/2022;SAS;4;daviste02;Terence Davis;14:39;2;7;.286;1;3;.333;0;0;;1;2;3;3;1;0;3;2;5;+3
17/11/2022;SAS;5;Reserves;Reserves
17/11/2022;SAS;6;monkma01;Malik Monk;28:01;11;19;.579;4;9;.444;0;0;;1;3;4;2;0;0;1;1;26;+10
17/11/2022;SAS;7;mitchda01;Davion Mitchell;27:39;3;6;.500;0;1;.000;0;0;;0;2;2;4;0;0;0;0;6;+9
17/11/2022;SAS;8;lylestr01;Trey Lyles;19:41;5;8;.625;1;4;.250;3;4;.750;2;1;3;0;1;0;0;0;14;+7
17/11/2022;SAS;9;metuch01;Chimezie Metu;13:59;4;4;1.000;1;1;1.000;1;1;1.000;1;2;3;1;1;0;1;1;10;+19
17/11/2022;SAS;10;okpalkz01;KZ Okpala;1:49;0;0;;0;0;;0;0;;0;0;0;1;0;0;0;0;0;-2
17/11/2022;SAS;11;monekch01;Chima Moneke;1:37;1;1;1.000;0;0;;0;0;;0;0;0;0;0;0;2;0;2;0
17/11/2022;SAS;12;dellama01;Matthew Dellavedova;1:37;0;0;;0;0;;0;0;;0;1;1;0;0;0;0;0;0;0
17/11/2022;SAS;13;elliske01;Keon Ellis;1:37;0;0;;0;0;;0;0;;0;0;0;0;0;0;0;1;0;0
17/11/2022;SAS;14;lenal01;Alex Len;1:37;0;0;;0;0;;0;0;;0;0;0;0;0;0;0;0;0;0
