dateId;teamId;order;playerId;Starters;MP;FG;FGA;FG%;3P;3PA;3P%;FT;FTA;FT%;ORB;DRB;TRB;AST;STL;BLK;TOV;PF;PTS;+/-
24/10/2022;SAS;0;johnske04;Keldon Johnson;33:48;8;20;.400;1;6;.167;1;4;.250;0;3;3;4;2;0;1;0;18;+5
24/10/2022;SAS;1;vassede01;Devin Vassell;33:15;8;22;.364;5;10;.500;2;2;1.000;0;9;9;7;1;0;1;2;23;+16
24/10/2022;SAS;2;poeltja01;Jakob Poeltl;30:31;7;12;.583;0;0;;0;0;;8;6;14;4;1;0;2;1;14;0
24/10/2022;SAS;3;jonestr01;Tre Jones;29:45;3;10;.300;1;4;.250;1;1;1.000;0;7;7;8;3;0;1;3;8;+10
24/10/2022;SAS;4;sochaje01;Jeremy Sochan;23:23;7;9;.778;0;2;.000;0;0;;2;2;4;1;1;0;1;5;14;+13
24/10/2022;SAS;5;Reserves;Reserves
24/10/2022;SAS;6;primojo01;Joshua Primo;24:35;3;5;.600;2;4;.500;2;3;.667;2;1;3;2;0;0;4;2;10;-4
24/10/2022;SAS;7;mcderdo01;Doug McDermott;17:07;1;5;.200;0;3;.000;0;0;;0;1;1;1;0;0;1;1;2;-12
24/10/2022;SAS;8;colliza01;Zach Collins;17:03;5;9;.556;0;2;.000;1;1;1.000;1;3;4;5;0;0;1;4;11;+11
24/10/2022;SAS;9;richajo01;Josh Richardson;16:54;4;7;.571;1;2;.500;0;0;;0;3;3;1;1;0;0;1;9;+3
24/10/2022;SAS;10;robyis01;Isaiah Roby;12:47;2;6;.333;2;4;.500;0;2;.000;1;1;2;4;2;0;1;2;6;+7
24/10/2022;SAS;11;bateske01;Keita Bates-Diop;0:26;0;0;;0;0;;0;0;;0;0;0;0;0;0;0;0;0;-2
24/10/2022;SAS;12;langfro01;Romeo Langford;0:26;0;0;;0;0;;0;0;;0;0;0;0;0;0;0;0;0;-2
24/10/2022;SAS;13;dienggo01;Gorgui Dieng;Did Not Play
24/10/2022;SAS;0;townska01;Karl-Anthony Towns;39:19;9;17;.529;2;6;.333;7;7;1.000;1;10;11;5;0;0;4;5;27;-4
24/10/2022;SAS;1;edwaran01;Anthony Edwards;35:22;3;15;.200;1;8;.125;2;3;.667;0;10;10;2;0;0;3;1;9;-14
24/10/2022;SAS;2;goberru01;Rudy Gobert;31:29;4;4;1.000;0;0;;3;4;.750;1;6;7;1;0;3;2;2;11;-9
24/10/2022;SAS;3;russeda01;D'Angelo Russell;31:23;8;16;.500;3;6;.500;6;6;1.000;2;3;5;7;2;1;3;2;25;-12
24/10/2022;SAS;4;mcdanja02;Jaden McDaniels;23:59;1;4;.250;0;1;.000;2;2;1.000;2;1;3;1;0;0;1;3;4;-9
24/10/2022;SAS;5;Reserves;Reserves
24/10/2022;SAS;6;nowelja01;Jaylen Nowell;25:46;6;16;.375;1;7;.143;0;0;;3;6;9;2;1;0;0;2;13;+8
24/10/2022;SAS;7;mclaujo01;Jordan McLaughlin;16:37;1;2;.500;0;1;.000;0;0;;0;1;1;4;3;0;2;2;2;+3
24/10/2022;SAS;8;forbebr01;Bryn Forbes;13:28;2;4;.500;0;0;;2;2;1.000;0;1;1;2;1;0;0;0;6;+2
24/10/2022;SAS;9;reidna01;Naz Reid;12:43;3;7;.429;0;1;.000;0;0;;1;2;3;0;0;1;0;0;6;-1
24/10/2022;SAS;10;princta02;Taurean Prince;8:47;1;1;1.000;1;1;1.000;0;0;;0;0;0;0;0;0;1;1;3;-11
24/10/2022;SAS;11;knighna01;Nathan Knight;1:07;0;0;;0;0;;0;0;;0;0;0;0;0;0;0;0;0;+2
24/10/2022;SAS;12;moorewe01;Wendell Moore Jr.;Did Not Play
