dateId;teamId;order;playerId;Starters;MP;FG;FGA;FG%;3P;3PA;3P%;FT;FTA;FT%;ORB;DRB;TRB;AST;STL;BLK;TOV;PF;PTS;+/-
19/10/2022;CHO;0;washipj01;P.J. Washington;29:51;7;12;.583;3;4;.750;0;0;;2;5;7;4;0;3;1;2;17;+29
19/10/2022;CHO;1;roziete01;Terry Rozier;29:43;10;19;.526;4;7;.571;0;0;;0;6;6;6;0;1;4;1;24;+18
19/10/2022;CHO;2;haywago01;Gordon Hayward;28:54;6;11;.545;1;4;.250;7;7;1.000;0;5;5;2;1;0;5;3;20;+7
19/10/2022;CHO;3;oubreke01;Kelly Oubre Jr.;22:38;5;10;.500;1;3;.333;2;3;.667;0;4;4;2;3;0;0;4;13;+36
19/10/2022;CHO;4;plumlma01;Mason Plumlee;22:14;5;9;.556;0;0;;2;2;1.000;4;3;7;4;0;1;1;2;12;+6
19/10/2022;CHO;5;Reserves;Reserves
19/10/2022;CHO;6;mcdanja01;Jalen McDaniels;23:20;2;5;.400;1;2;.500;0;0;;0;5;5;2;1;1;0;0;5;+13
19/10/2022;CHO;7;richani01;Nick Richards;21:26;7;13;.538;0;0;;5;7;.714;8;2;10;0;0;0;0;2;19;+28
19/10/2022;CHO;8;smithde03;Dennis Smith Jr.;21:11;5;7;.714;2;2;1.000;0;0;;0;2;2;4;2;2;1;2;12;+28
19/10/2022;CHO;9;bouknja01;James Bouknight;14:26;0;5;.000;0;4;.000;0;0;;0;2;2;1;0;0;0;1;0;-2
19/10/2022;CHO;10;thorjt01;JT Thor;8:01;0;1;.000;0;1;.000;0;0;;0;1;1;0;0;1;0;0;0;+6
19/10/2022;CHO;11;joneska01;Kai Jones;4:20;1;1;1.000;1;1;1.000;0;0;;0;0;0;0;0;0;0;0;3;-7
19/10/2022;CHO;12;maledth01;Théo Maledon;4:20;0;0;;0;0;;2;2;1.000;0;1;1;1;0;0;1;0;2;-7
19/10/2022;CHO;13;willima07;Mark Williams;4:20;0;0;;0;0;;2;2;1.000;0;1;1;0;0;0;2;3;2;-7
19/10/2022;CHO;14;mcgowbr01;Bryce McGowens;4:20;0;1;.000;0;1;.000;0;0;;0;0;0;0;0;1;0;0;0;-7
19/10/2022;CHO;15;martico01;Cody Martin;0:56;0;0;;0;0;;0;0;;0;0;0;0;0;0;0;0;0;-6
19/10/2022;CHO;0;johnske04;Keldon Johnson;29:39;8;17;.471;3;7;.429;1;2;.500;2;9;11;4;2;0;2;2;20;-11
19/10/2022;CHO;1;vassede01;Devin Vassell;28:35;3;15;.200;0;8;.000;5;8;.625;1;1;2;4;1;0;2;1;11;-22
19/10/2022;CHO;2;sochaje01;Jeremy Sochan;27:26;2;8;.250;0;2;.000;0;1;.000;2;5;7;2;2;0;0;2;4;-2
19/10/2022;CHO;3;poeltja01;Jakob Poeltl;26:59;7;13;.538;0;0;;0;0;;4;5;9;2;0;0;3;2;14;-10
19/10/2022;CHO;4;jonestr01;Tre Jones;24:22;5;8;.625;1;2;.500;3;3;1.000;2;1;3;2;1;2;0;3;14;-11
19/10/2022;CHO;5;Reserves;Reserves
19/10/2022;CHO;6;primojo01;Joshua Primo;25:51;3;11;.273;0;3;.000;4;4;1.000;0;3;3;5;0;1;3;2;10;-18
19/10/2022;CHO;7;richajo01;Josh Richardson;17:10;0;3;.000;0;3;.000;0;0;;0;2;2;1;0;0;2;1;0;-18
19/10/2022;CHO;8;mcderdo01;Doug McDermott;16:25;5;10;.500;2;5;.400;0;0;;2;0;2;0;0;0;0;2;12;-18
19/10/2022;CHO;9;colliza01;Zach Collins;12:13;0;3;.000;0;2;.000;1;2;.500;0;0;0;1;1;4;2;3;1;-20
19/10/2022;CHO;10;dienggo01;Gorgui Dieng;8:48;2;3;.667;1;2;.500;0;0;;1;2;3;1;0;0;0;1;5;+3
19/10/2022;CHO;11;robyis01;Isaiah Roby;8:48;2;2;1.000;0;0;;1;1;1.000;0;2;2;0;1;1;0;0;5;+3
19/10/2022;CHO;12;langfro01;Romeo Langford;8:48;2;5;.400;0;0;;0;0;;0;0;0;0;0;0;0;0;4;+3
19/10/2022;CHO;13;bateske01;Keita Bates-Diop;4:56;1;1;1.000;0;0;;0;0;;0;0;0;0;0;0;1;0;2;-14
19/10/2022;CHO;14;branhma01;Malaki Branham;Did Not Play
19/10/2022;CHO;15;weslebl01;Blake Wesley;Did Not Play
