dateId;teamId;order;playerId;Starters;MP;FG;FGA;FG%;3P;3PA;3P%;FT;FTA;FT%;ORB;DRB;TRB;AST;STL;BLK;TOV;PF;PTS;+/-
05/11/2022;HOU;0;martike04;Kenyon Martin Jr.;31:18;6;8;.750;3;5;.600;2;3;.667;1;2;3;1;1;0;2;1;17;-19
05/11/2022;HOU;1;greenja05;Jalen Green;29:12;6;16;.375;4;11;.364;5;7;.714;1;1;2;4;0;0;5;1;21;-16
05/11/2022;HOU;2;porteke02;Kevin Porter Jr.;29:12;3;12;.250;2;4;.500;5;5;1.000;1;4;5;2;0;0;3;4;13;-16
05/11/2022;HOU;3;gordoer01;Eric Gordon;26:38;4;9;.444;2;6;.333;1;2;.500;0;1;1;4;0;0;1;1;11;-10
05/11/2022;HOU;4;sengual01;Alperen Şengün;20:23;8;9;.889;0;0;;1;3;.333;5;2;7;5;0;0;2;3;17;0
05/11/2022;HOU;5;Reserves;Reserves
05/11/2022;HOU;6;garubus01;Usman Garuba;24:32;2;4;.500;0;0;;3;4;.750;0;3;3;1;2;0;2;2;7;-16
05/11/2022;HOU;7;easonta01;Tari Eason;23:59;6;8;.750;2;2;1.000;3;5;.600;3;3;6;2;1;0;1;3;17;+2
05/11/2022;HOU;8;nixda01;Daishen Nix;18:48;0;4;.000;0;2;.000;0;0;;0;2;2;6;3;0;4;1;0;+4
05/11/2022;HOU;9;mathega01;Garrison Mathews;18:14;3;7;.429;3;6;.500;0;0;;0;1;1;1;0;0;1;0;9;+7
05/11/2022;HOU;10;chrisjo01;Josh Christopher;14:39;2;6;.333;0;2;.000;0;0;;1;1;2;1;2;0;1;1;4;0
05/11/2022;HOU;11;marjabo01;Boban Marjanović;3:05;0;1;.000;0;0;;1;2;.500;0;1;1;0;1;0;0;1;1;+4
05/11/2022;HOU;0;mcdanja02;Jaden McDaniels;34:32;6;9;.667;1;2;.500;0;0;;1;4;5;3;0;1;2;4;13;+9
05/11/2022;HOU;1;edwaran01;Anthony Edwards;32:44;7;13;.538;2;5;.400;3;3;1.000;0;2;2;3;2;0;4;2;19;+20
05/11/2022;HOU;2;anderky01;Kyle Anderson;30:39;6;7;.857;2;2;1.000;2;3;.667;1;2;3;6;3;0;1;3;16;+13
05/11/2022;HOU;3;townska01;Karl-Anthony Towns;30:15;9;14;.643;3;6;.500;4;5;.800;3;6;9;6;1;2;3;5;25;-1
05/11/2022;HOU;4;russeda01;D'Angelo Russell;26:38;5;9;.556;1;3;.333;2;3;.667;3;3;6;4;2;0;3;4;13;+2
05/11/2022;HOU;5;Reserves;Reserves
05/11/2022;HOU;6;princta02;Taurean Prince;31:33;6;12;.500;3;8;.375;1;1;1.000;1;5;6;2;0;1;3;2;16;+16
05/11/2022;HOU;7;mclaujo01;Jordan McLaughlin;22:24;2;3;.667;0;1;.000;2;2;1.000;0;2;2;11;2;0;0;1;6;+8
05/11/2022;HOU;8;nowelja01;Jaylen Nowell;15:47;3;5;.600;1;2;.500;0;0;;0;0;0;3;1;0;2;0;7;-8
05/11/2022;HOU;9;reidna01;Naz Reid;13:15;4;7;.571;2;4;.500;1;2;.500;0;3;3;0;0;1;5;6;11;+8
05/11/2022;HOU;10;knighna01;Nathan Knight;1:59;1;1;1.000;0;0;;1;1;1.000;0;0;0;0;0;0;1;0;3;-7
05/11/2022;HOU;11;riverau01;Austin Rivers;0:14;0;0;;0;0;;0;0;;0;0;0;0;0;0;0;0;0;0
05/11/2022;HOU;12;forbebr01;Bryn Forbes;Did Not Play
