dateId;teamId;order;playerId;Starters;MP;FG;FGA;FG%;3P;3PA;3P%;FT;FTA;FT%;ORB;DRB;TRB;AST;STL;BLK;TOV;PF;PTS;+/-
24/10/2022;IND;0;halibty01;Tyrese Haliburton;31:26;7;11;.636;3;6;.500;2;2;1.000;2;4;6;10;0;0;4;0;19;-8
24/10/2022;IND;1;hieldbu01;Buddy Hield;27:46;6;14;.429;3;10;.300;3;3;1.000;0;6;6;6;0;0;1;3;18;-4
24/10/2022;IND;2;smithja04;Jalen Smith;25:22;6;12;.500;2;5;.400;3;4;.750;4;6;10;1;1;1;1;2;17;-5
24/10/2022;IND;3;jacksis01;Isaiah Jackson;17:36;1;2;.500;0;0;;3;6;.500;0;1;1;0;1;0;0;5;5;0
24/10/2022;IND;4;nesmiaa01;Aaron Nesmith;17:20;4;9;.444;1;4;.250;0;0;;0;2;2;1;0;0;1;3;9;+6
24/10/2022;IND;5;Reserves;Reserves
24/10/2022;IND;6;mathube01;Bennedict Mathurin;24:44;6;16;.375;1;7;.143;4;4;1.000;2;2;4;2;0;0;3;3;17;-18
24/10/2022;IND;7;nembhan01;Andrew Nembhard;21:53;2;6;.333;1;5;.200;0;0;;0;3;3;4;0;0;0;0;5;-2
24/10/2022;IND;8;bitadgo01;Goga Bitadze;20:44;0;2;.000;0;1;.000;3;4;.750;0;3;3;1;0;2;0;3;3;-8
24/10/2022;IND;9;duartch01;Chris Duarte;16:21;4;9;.444;1;3;.333;0;0;;3;1;4;0;0;0;1;2;9;-7
24/10/2022;IND;10;taylote01;Terry Taylor;15:05;1;4;.250;0;1;.000;0;0;;2;2;4;0;0;1;0;2;2;-11
24/10/2022;IND;11;mccontj01;T.J. McConnell;14:58;1;3;.333;0;0;;0;0;;0;1;1;2;1;0;1;0;2;-10
24/10/2022;IND;12;brissos01;Oshae Brissett;6:45;0;2;.000;0;2;.000;0;0;;1;2;3;0;0;0;1;0;0;-3
24/10/2022;IND;13;johnsja01;James Johnson;Did Not Play
24/10/2022;IND;14;turnemy01;Myles Turner;Did Not Dress
24/10/2022;IND;0;maxeyty01;Tyrese Maxey;37:47;3;11;.273;2;5;.400;0;0;;1;1;2;3;1;0;2;0;8;+4
24/10/2022;IND;1;hardeja01;James Harden;34:39;10;18;.556;5;10;.500;4;4;1.000;0;9;9;11;2;0;1;2;29;+16
24/10/2022;IND;2;harrito02;Tobias Harris;28:33;7;14;.500;4;10;.400;0;0;;2;6;8;2;1;1;0;3;18;+14
24/10/2022;IND;3;embiijo01;Joel Embiid;28:17;8;13;.615;1;3;.333;9;9;1.000;1;4;5;2;1;3;3;5;26;+8
24/10/2022;IND;4;tuckepj01;P.J. Tucker;20:27;1;1;1.000;1;1;1.000;0;0;;1;2;3;1;0;0;0;2;3;-7
24/10/2022;IND;5;Reserves;Reserves
24/10/2022;IND;6;niangge01;Georges Niang;21:29;4;7;.571;3;6;.500;2;2;1.000;0;1;1;2;1;0;0;2;13;+13
24/10/2022;IND;7;houseda01;Danuel House Jr.;20:00;2;4;.500;1;3;.333;1;2;.500;1;1;2;2;0;0;0;2;6;+15
24/10/2022;IND;8;meltode01;De'Anthony Melton;17:00;3;6;.500;2;4;.500;3;3;1.000;0;5;5;1;1;0;0;1;11;+11
24/10/2022;IND;9;harremo01;Montrezl Harrell;10:37;0;2;.000;0;0;;5;6;.833;0;0;0;0;0;1;0;1;5;+7
24/10/2022;IND;10;reedpa01;Paul Reed;8:58;0;2;.000;0;0;;0;0;;0;1;1;0;1;1;1;1;0;-3
24/10/2022;IND;11;miltosh01;Shake Milton;6:13;0;0;;0;0;;0;0;;0;1;1;1;0;0;0;1;0;+4
24/10/2022;IND;12;sprinja01;Jaden Springer;2:00;0;1;.000;0;0;;1;2;.500;1;1;2;0;0;1;0;0;1;-4
24/10/2022;IND;13;korkmfu01;Furkan Korkmaz;2:00;0;1;.000;0;1;.000;0;0;;0;0;0;0;0;0;0;0;0;-4
24/10/2022;IND;14;thybuma01;Matisse Thybulle;2:00;0;0;;0;0;;0;0;;0;0;0;0;0;0;0;0;0;-4
