dateId;teamId;order;playerId;Starters;MP;FG;FGA;FG%;3P;3PA;3P%;FT;FTA;FT%;ORB;DRB;TRB;AST;STL;BLK;TOV;PF;PTS;+/-
11/11/2022;MIL;0;beaucma01;MarJon Beauchamp;34:23;4;13;.308;0;6;.000;0;0;;1;3;4;2;1;0;0;2;8;-24
11/11/2022;MIL;1;carteje01;Jevon Carter;32:57;7;15;.467;5;7;.714;2;3;.667;1;1;2;6;1;0;4;3;21;-5
11/11/2022;MIL;2;portibo01;Bobby Portis;31:00;6;15;.400;1;4;.250;3;3;1.000;5;7;12;2;1;0;2;0;16;-7
11/11/2022;MIL;3;lopezbr01;Brook Lopez;29:33;6;14;.429;3;7;.429;4;5;.800;1;2;3;2;1;2;5;4;19;-17
11/11/2022;MIL;4;nworajo01;Jordan Nwora;29:03;3;13;.231;1;4;.250;1;1;1.000;3;4;7;5;0;0;0;0;8;-28
11/11/2022;MIL;5;Reserves;Reserves
11/11/2022;MIL;6;hillge01;George Hill;27:39;1;9;.111;0;5;.000;3;4;.750;2;0;2;4;0;1;1;1;5;-1
11/11/2022;MIL;7;matthwe02;Wesley Matthews;22:29;0;5;.000;0;5;.000;2;2;1.000;0;2;2;1;3;2;0;1;2;+4
11/11/2022;MIL;8;ibakase01;Serge Ibaka;18:42;4;9;.444;1;3;.333;2;5;.400;5;4;9;0;0;0;0;2;11;-3
11/11/2022;MIL;9;mamuksa01;Sandro Mamukelashvili;8:28;1;4;.250;1;2;.500;0;0;;2;2;4;0;0;0;0;0;3;-2
11/11/2022;MIL;10;antetth01;Thanasis Antetokounmpo;5:46;0;1;.000;0;0;;0;0;;1;2;3;0;0;0;1;1;0;-7
11/11/2022;MIL;0;johnske04;Keldon Johnson;31:57;9;17;.529;5;8;.625;6;6;1.000;0;2;2;2;1;0;4;2;29;+7
11/11/2022;MIL;1;vassede01;Devin Vassell;31:18;9;17;.529;2;7;.286;2;2;1.000;0;5;5;0;0;1;1;1;22;+22
11/11/2022;MIL;2;sochaje01;Jeremy Sochan;29:50;4;7;.571;0;2;.000;2;2;1.000;1;6;7;2;0;1;2;4;10;+22
11/11/2022;MIL;3;poeltja01;Jakob Poeltl;29:47;7;11;.636;0;0;;1;3;.333;3;7;10;3;0;4;2;3;15;+9
11/11/2022;MIL;4;jonestr01;Tre Jones;29:42;4;7;.571;1;1;1.000;0;0;;0;5;5;9;1;1;1;2;9;+8
11/11/2022;MIL;5;Reserves;Reserves
11/11/2022;MIL;6;mcderdo01;Doug McDermott;23:47;4;7;.571;2;3;.667;0;0;;1;2;3;1;0;0;3;2;10;+6
11/11/2022;MIL;7;richajo01;Josh Richardson;23:10;2;10;.200;1;6;.167;2;2;1.000;0;2;2;0;0;1;1;1;7;+14
11/11/2022;MIL;8;bassech01;Charles Bassey;18:13;2;3;.667;1;2;.500;0;0;;3;11;14;4;0;4;3;4;5;+9
11/11/2022;MIL;9;langfro01;Romeo Langford;17:19;2;5;.400;0;1;.000;0;0;;1;0;1;0;1;1;2;3;4;-7
11/11/2022;MIL;10;bateske01;Keita Bates-Diop;1:39;0;1;.000;0;1;.000;0;0;;0;1;1;0;0;0;0;0;0;0
11/11/2022;MIL;11;halljo02;Jordan Hall;1:39;0;0;;0;0;;0;0;;0;0;0;1;0;0;0;0;0;0
11/11/2022;MIL;12;robyis01;Isaiah Roby;1:39;0;0;;0;0;;0;0;;0;0;0;0;0;0;0;0;0;0
11/11/2022;MIL;13;dienggo01;Gorgui Dieng;Did Not Play
