dateId;teamId;order;playerId;Starters;MP;FG;FGA;FG%;3P;3PA;3P%;FT;FTA;FT%;ORB;DRB;TRB;AST;STL;BLK;TOV;PF;PTS;+/-
16/11/2022;CHI;0;lavinza01;Zach LaVine;36:07;9;22;.409;4;11;.364;3;4;.750;0;3;3;5;0;0;3;2;25;-7
16/11/2022;CHI;1;derozde01;DeMar DeRozan;30:53;11;15;.733;0;1;.000;6;7;.857;1;3;4;7;0;0;0;3;28;-14
16/11/2022;CHI;2;vucevni01;Nikola Vučević;29:46;6;13;.462;2;5;.400;0;0;;2;8;10;0;1;0;2;1;14;-10
16/11/2022;CHI;3;dosunay01;Ayo Dosunmu;27:35;2;5;.400;0;3;.000;0;0;;1;2;3;1;1;0;2;1;4;-8
16/11/2022;CHI;4;willipa01;Patrick Williams;23:02;2;4;.500;1;2;.500;0;0;;0;4;4;1;0;0;2;2;5;-21
16/11/2022;CHI;5;Reserves;Reserves
16/11/2022;CHI;6;carusal01;Alex Caruso;27:16;5;7;.714;3;4;.750;0;0;;0;2;2;2;0;0;0;2;13;-4
16/11/2022;CHI;7;dragigo01;Goran Dragić;20:25;3;7;.429;0;2;.000;0;2;.000;0;2;2;7;0;0;2;2;6;-6
16/11/2022;CHI;8;drumman01;Andre Drummond;14:58;4;6;.667;0;0;;0;0;;1;3;4;0;0;0;0;2;8;-1
16/11/2022;CHI;9;greenja02;Javonte Green;14:46;1;7;.143;0;2;.000;1;2;.500;2;2;4;0;0;1;0;1;3;-3
16/11/2022;CHI;10;jonesde02;Derrick Jones Jr.;11:24;0;2;.000;0;1;.000;0;0;;0;0;0;1;0;0;1;2;0;-2
16/11/2022;CHI;11;bradlto01;Tony Bradley;1:54;1;1;1.000;1;1;1.000;0;0;;0;1;1;0;0;0;0;0;3;+3
16/11/2022;CHI;12;terryda01;Dalen Terry;1:54;0;0;;0;0;;1;2;.500;0;0;0;1;0;0;0;0;1;+3
16/11/2022;CHI;0;mccolcj01;CJ McCollum;37:08;8;16;.500;3;8;.375;4;4;1.000;1;3;4;8;0;1;3;0;23;+10
16/11/2022;CHI;1;ingrabr01;Brandon Ingram;31:47;4;15;.267;2;4;.500;6;8;.750;0;6;6;9;0;1;2;2;16;+19
16/11/2022;CHI;2;joneshe01;Herbert Jones;31:36;3;7;.429;2;2;1.000;2;3;.667;3;1;4;3;1;0;1;4;10;+21
16/11/2022;CHI;3;valanjo01;Jonas Valančiūnas;27:14;8;13;.615;2;3;.667;4;4;1.000;3;4;7;2;0;1;3;3;22;+11
16/11/2022;CHI;4;murphtr02;Trey Murphy III;24:40;7;9;.778;5;6;.833;0;0;;1;9;10;1;3;1;1;0;19;+17
16/11/2022;CHI;5;Reserves;Reserves
16/11/2022;CHI;6;alvarjo01;Jose Alvarado;21:22;6;7;.857;0;1;.000;1;1;1.000;1;2;3;1;0;0;1;3;13;-1
16/11/2022;CHI;7;daniedy01;Dyson Daniels;18:59;2;3;.667;0;0;;0;0;;1;3;4;2;0;1;0;5;4;-4
16/11/2022;CHI;8;nancela02;Larry Nance Jr.;18:52;2;5;.400;0;2;.000;4;4;1.000;1;5;6;3;0;1;0;1;8;+6
16/11/2022;CHI;9;marshna01;Naji Marshall;18:07;1;6;.167;1;4;.250;0;0;;0;1;1;0;0;0;1;0;3;-6
16/11/2022;CHI;10;grahade01;Devonte' Graham;8:21;2;3;.667;2;3;.667;0;0;;1;0;1;1;0;0;1;0;6;0
16/11/2022;CHI;11;hernawi01;Willy Hernangómez;1:54;0;1;.000;0;0;;0;0;;0;0;0;0;0;0;0;0;0;-3
16/11/2022;CHI;12;hayesja02;Jaxson Hayes;Did Not Play
16/11/2022;CHI;13;templga01;Garrett Temple;Did Not Play
