dateId;teamId;order;playerId;Starters;MP;FG;FGA;FG%;3P;3PA;3P%;FT;FTA;FT%;ORB;DRB;TRB;AST;STL;BLK;TOV;PF;PTS;+/-
18/11/2022;IND;0;halibty01;Tyrese Haliburton;36:28;7;16;.438;2;9;.222;3;3;1.000;0;6;6;8;1;0;1;1;19;0
18/11/2022;IND;1;hieldbu01;Buddy Hield;32:39;3;15;.200;3;13;.231;1;1;1.000;1;3;4;1;1;1;4;2;10;+6
18/11/2022;IND;2;smithja04;Jalen Smith;30:21;4;10;.400;0;2;.000;2;2;1.000;4;14;18;4;1;3;1;3;10;+3
18/11/2022;IND;3;turnemy01;Myles Turner;26:09;5;8;.625;0;0;;7;9;.778;3;4;7;1;0;4;2;4;17;+3
18/11/2022;IND;4;nembhan01;Andrew Nembhard;21:27;3;6;.500;2;4;.500;0;0;;0;1;1;4;0;0;0;4;8;0
18/11/2022;IND;5;Reserves;Reserves
18/11/2022;IND;6;mathube01;Bennedict Mathurin;29:01;4;14;.286;1;5;.200;6;8;.750;1;3;4;2;2;0;2;3;15;+21
18/11/2022;IND;7;brissos01;Oshae Brissett;17:39;5;7;.714;4;6;.667;0;0;;0;0;0;0;1;0;0;4;14;+5
18/11/2022;IND;8;jacksis01;Isaiah Jackson;17:31;1;2;.500;0;0;;2;2;1.000;3;2;5;1;0;1;0;2;4;+7
18/11/2022;IND;9;mccontj01;T.J. McConnell;16:01;1;3;.333;0;1;.000;0;0;;0;0;0;3;2;0;2;1;2;+1
18/11/2022;IND;10;nesmiaa01;Aaron Nesmith;8:40;0;1;.000;0;1;.000;0;2;.000;0;0;0;1;0;0;1;0;0;-3
18/11/2022;IND;11;bitadgo01;Goga Bitadze;2:08;0;0;;0;0;;0;0;;0;0;0;0;0;1;1;1;0;-1
18/11/2022;IND;12;johnsja01;James Johnson;1:53;0;0;;0;0;;0;0;;0;0;0;0;0;0;1;1;0;-2
18/11/2022;IND;13;taylote01;Terry Taylor;Did Not Play
18/11/2022;IND;0;smithja05;Jabari Smith Jr.;36:22;4;14;.286;2;8;.250;2;2;1.000;1;7;8;1;0;2;2;4;12;-2
18/11/2022;IND;1;gordoer01;Eric Gordon;36:13;8;17;.471;1;6;.167;7;7;1.000;2;4;6;3;1;2;2;1;24;+8
18/11/2022;IND;2;greenja05;Jalen Green;31:40;2;10;.200;0;4;.000;12;15;.800;0;5;5;5;2;0;6;4;16;0
18/11/2022;IND;3;sengual01;Alperen Şengün;28:01;4;13;.308;1;1;1.000;2;2;1.000;3;6;9;4;1;0;1;4;11;+4
18/11/2022;IND;4;martike04;Kenyon Martin Jr.;26:16;5;9;.556;0;2;.000;2;4;.500;4;4;8;1;1;0;2;4;12;+6
18/11/2022;IND;5;Reserves;Reserves
18/11/2022;IND;6;nixda01;Daishen Nix;24:36;1;5;.200;1;3;.333;0;0;;0;2;2;1;1;0;2;1;3;-16
18/11/2022;IND;7;garubus01;Usman Garuba;19:58;2;4;.500;0;0;;0;0;;0;4;4;0;1;0;0;2;4;-12
18/11/2022;IND;8;easonta01;Tari Eason;18:53;1;9;.111;0;1;.000;2;2;1.000;3;3;6;0;0;0;2;2;4;-12
18/11/2022;IND;9;mathega01;Garrison Mathews;14:29;1;4;.250;1;3;.333;0;0;;0;0;0;0;1;0;0;2;3;-8
18/11/2022;IND;10;chrisjo01;Josh Christopher;3:31;1;1;1.000;0;0;;0;0;;1;0;1;0;0;0;0;0;2;-8
18/11/2022;IND;11;marjabo01;Boban Marjanović;Did Not Play
