dateId;teamId;order;playerId;Starters;MP;FG;FGA;FG%;3P;3PA;3P%;FT;FTA;FT%;ORB;DRB;TRB;AST;STL;BLK;TOV;PF;PTS;+/-
23/10/2022;PHO;0;bridgmi01;Mikal Bridges;36:29;3;9;.333;1;3;.333;0;0;;1;3;4;4;0;1;1;3;7;+9
23/10/2022;PHO;1;bookede01;Devin Booker;34:49;13;21;.619;5;9;.556;4;4;1.000;1;0;1;4;1;0;3;1;35;+13
23/10/2022;PHO;2;paulch01;Chris Paul;32:37;3;11;.273;1;8;.125;0;0;;3;5;8;11;1;1;2;2;7;+15
23/10/2022;PHO;3;aytonde01;Deandre Ayton;28:45;6;11;.545;0;1;.000;1;1;1.000;2;6;8;1;0;1;4;5;13;+7
23/10/2022;PHO;4;johnsca02;Cameron Johnson;22:36;4;6;.667;3;4;.750;0;0;;1;4;5;2;1;0;0;4;11;+13
23/10/2022;PHO;5;Reserves;Reserves
23/10/2022;PHO;6;craigto01;Torrey Craig;24:50;3;7;.429;2;5;.400;0;0;;3;6;9;2;0;0;0;1;8;+1
23/10/2022;PHO;7;landajo01;Jock Landale;17:19;4;8;.500;0;2;.000;1;1;1.000;2;8;10;1;0;0;0;0;9;+13
23/10/2022;PHO;8;payneca01;Cameron Payne;14:34;4;11;.364;1;3;.333;1;2;.500;0;1;1;2;1;0;2;0;10;0
23/10/2022;PHO;9;shamela01;Landry Shamet;13:20;2;5;.400;2;5;.400;2;2;1.000;0;1;1;1;1;0;0;1;8;+4
23/10/2022;PHO;10;leeda03;Damion Lee;12:13;1;3;.333;0;2;.000;0;0;;0;1;1;1;0;0;0;1;2;+6
23/10/2022;PHO;11;okogijo01;Josh Okogie;1:14;0;0;;0;0;;2;2;1.000;0;1;1;0;0;0;0;0;2;+2
23/10/2022;PHO;12;washidu02;Duane Washington Jr.;1:14;0;1;.000;0;0;;0;0;;0;0;0;0;0;0;0;0;0;+2
23/10/2022;PHO;13;biyombi01;Bismack Biyombo;Did Not Play
23/10/2022;PHO;14;saricda01;Dario Šarić;Did Not Play
23/10/2022;PHO;0;georgpa01;Paul George;33:40;4;11;.364;2;6;.333;6;6;1.000;0;7;7;4;2;0;2;2;16;-7
23/10/2022;PHO;1;morrima03;Marcus Morris;31:25;10;14;.714;2;5;.400;0;0;;1;4;5;1;1;0;1;1;22;-10
23/10/2022;PHO;2;jacksre01;Reggie Jackson;23:45;0;5;.000;0;2;.000;0;0;;0;2;2;2;1;0;0;0;0;-14
23/10/2022;PHO;3;zubaciv01;Ivica Zubac;21:20;1;4;.250;0;0;;0;0;;3;5;8;2;0;0;3;1;2;-8
23/10/2022;PHO;4;powelno01;Norman Powell;20:46;4;9;.444;0;2;.000;0;0;;0;3;3;0;2;0;3;2;8;-17
23/10/2022;PHO;5;Reserves;Reserves
23/10/2022;PHO;6;walljo01;John Wall;21:22;7;12;.583;2;4;.500;1;5;.200;0;0;0;4;1;0;0;1;17;-1
23/10/2022;PHO;7;leonaka01;Kawhi Leonard;20:42;2;6;.333;0;2;.000;7;7;1.000;3;3;6;2;2;0;2;2;11;+1
23/10/2022;PHO;8;kennalu01;Luke Kennard;17:48;1;4;.250;0;1;.000;0;0;;0;3;3;0;0;0;3;3;2;-4
23/10/2022;PHO;9;covinro01;Robert Covington;14:15;1;5;.200;1;4;.250;0;0;;1;3;4;0;0;0;0;2;3;-5
23/10/2022;PHO;10;batumni01;Nicolas Batum;14:03;1;3;.333;1;2;.500;0;0;;0;3;3;0;0;0;0;1;3;-4
23/10/2022;PHO;11;mannte01;Terance Mann;9:22;4;5;.800;1;2;.500;0;0;;1;1;2;0;0;0;0;2;9;-8
23/10/2022;PHO;12;brownmo01;Moses Brown;2:53;1;1;1.000;0;0;;0;0;;0;0;0;0;0;0;0;1;2;-2
23/10/2022;PHO;13;bostobr01;Brandon Boston Jr.;2:53;0;1;.000;0;1;.000;0;0;;0;0;0;0;0;0;0;0;0;-2
23/10/2022;PHO;14;coffeam01;Amir Coffey;2:53;0;1;.000;0;0;;0;0;;0;0;0;1;1;0;0;0;0;-2
23/10/2022;PHO;15;prestja01;Jason Preston;2:53;0;1;.000;0;1;.000;0;2;.000;0;0;0;0;0;0;0;0;0;-2
