dateId;teamId;order;playerId;Starters;MP;FG;FGA;FG%;3P;3PA;3P%;FT;FTA;FT%;ORB;DRB;TRB;AST;STL;BLK;TOV;PF;PTS;+/-
09/11/2022;MIL;0;lopezbr01;Brook Lopez;45:39;11;23;.478;1;6;.167;1;2;.500;4;9;13;1;1;5;1;0;24;+10
09/11/2022;MIL;1;carteje01;Jevon Carter;44:45;15;27;.556;5;10;.500;1;2;.500;0;4;4;12;1;0;5;5;36;+3
09/11/2022;MIL;2;allengr01;Grayson Allen;35:02;5;8;.625;2;3;.667;6;6;1.000;1;2;3;6;0;1;3;5;18;+10
09/11/2022;MIL;3;portibo01;Bobby Portis;34:15;4;12;.333;1;1;1.000;4;4;1.000;1;8;9;2;1;0;2;2;13;+6
09/11/2022;MIL;4;beaucma01;MarJon Beauchamp;29:55;7;13;.538;5;8;.625;0;0;;3;5;8;0;2;0;2;5;19;+14
09/11/2022;MIL;5;Reserves;Reserves
09/11/2022;MIL;6;hillge01;George Hill;35:24;3;6;.500;1;1;1.000;5;6;.833;0;2;2;5;3;0;1;1;12;-4
09/11/2022;MIL;7;matthwe02;Wesley Matthews;29:07;2;4;.500;1;1;1.000;0;0;;1;3;4;0;0;0;1;3;5;-3
09/11/2022;MIL;8;nworajo01;Jordan Nwora;17:18;1;9;.111;1;5;.200;2;2;1.000;1;6;7;0;0;0;0;0;5;-14
09/11/2022;MIL;9;ibakase01;Serge Ibaka;12:15;2;2;1.000;0;0;;0;0;;0;2;2;1;0;1;1;1;4;-4
09/11/2022;MIL;10;mamuksa01;Sandro Mamukelashvili;6:15;0;2;.000;0;1;.000;0;0;;0;3;3;0;0;0;0;1;0;+2
09/11/2022;MIL;11;antetth01;Thanasis Antetokounmpo;Did Not Play
09/11/2022;MIL;0;gilgesh01;Shai Gilgeous-Alexander;46:05;13;25;.520;2;5;.400;11;13;.846;1;3;4;4;0;2;4;5;39;+3
09/11/2022;MIL;1;giddejo01;Josh Giddey;44:10;9;19;.474;0;4;.000;0;2;.000;5;10;15;6;0;0;1;1;18;-8
09/11/2022;MIL;2;dortlu01;Luguentz Dort;40:02;5;14;.357;2;6;.333;0;0;;2;5;7;3;4;0;0;4;12;+1
09/11/2022;MIL;3;pokusal01;Aleksej Pokusevski;39:05;6;11;.545;4;7;.571;1;2;.500;4;6;10;2;2;2;2;1;17;-11
09/11/2022;MIL;4;robinje02;Jeremiah Robinson-Earl;12:32;2;6;.333;1;3;.333;0;0;;0;1;1;0;0;0;2;2;5;-8
09/11/2022;MIL;5;Reserves;Reserves
09/11/2022;MIL;6;manntr01;Tre Mann;35:51;8;16;.500;5;9;.556;0;0;;1;5;6;1;2;0;2;5;21;+4
09/11/2022;MIL;7;willija06;Jalen Williams;22:34;3;6;.500;1;2;.500;2;2;1.000;1;4;5;2;1;1;0;2;9;-4
09/11/2022;MIL;8;muscami01;Mike Muscala;17:08;2;9;.222;2;6;.333;0;0;;1;1;2;1;0;2;1;3;6;+2
09/11/2022;MIL;9;willike04;Kenrich Williams;17:01;1;2;.500;0;1;.000;0;0;;1;0;1;1;0;0;1;3;2;-12
09/11/2022;MIL;10;wiggiaa01;Aaron Wiggins;6:32;0;1;.000;0;0;;0;0;;0;1;1;2;0;1;0;0;0;+7
09/11/2022;MIL;11;joeis01;Isaiah Joe;4:57;1;2;.500;1;2;.500;0;0;;0;2;2;1;0;1;0;0;3;+1
09/11/2022;MIL;12;bazleda01;Darius Bazley;3:58;0;0;;0;0;;0;0;;0;1;1;1;0;0;0;0;0;+5
