dateId;teamId;order;playerId;Starters;MP;FG;FGA;FG%;3P;3PA;3P%;FT;FTA;FT%;ORB;DRB;TRB;AST;STL;BLK;TOV;PF;PTS;+/-
09/11/2022;LAL;0;davisan02;Anthony Davis;35:21;9;16;.563;0;1;.000;3;4;.750;1;8;9;3;0;1;3;5;21;-10
09/11/2022;LAL;1;reaveau01;Austin Reaves;35:16;3;10;.300;1;5;.200;1;3;.333;4;5;9;1;0;0;1;0;8;+1
09/11/2022;LAL;2;beverpa01;Patrick Beverley;34:35;2;8;.250;2;5;.400;1;2;.500;0;2;2;4;1;0;1;5;7;+3
09/11/2022;LAL;3;jamesle01;LeBron James;32:21;12;22;.545;4;9;.444;2;4;.500;1;7;8;5;2;0;3;2;30;-17
09/11/2022;LAL;4;browntr01;Troy Brown Jr.;31:53;6;10;.600;2;6;.333;0;0;;1;3;4;0;1;0;1;1;14;-1
09/11/2022;LAL;5;Reserves;Reserves
09/11/2022;LAL;6;westbru01;Russell Westbrook;29:34;6;15;.400;0;3;.000;2;2;1.000;1;3;4;9;2;0;4;1;14;-12
09/11/2022;LAL;7;chrisma02;Max Christie;14:28;1;1;1.000;1;1;1.000;0;0;;0;5;5;0;0;0;1;2;3;-8
09/11/2022;LAL;8;nunnke01;Kendrick Nunn;12:32;0;4;.000;0;2;.000;0;0;;0;0;0;3;0;0;1;1;0;-16
09/11/2022;LAL;9;gabriwe01;Wenyen Gabriel;8:44;1;1;1.000;0;0;;2;2;1.000;0;1;1;1;1;1;0;2;4;-4
09/11/2022;LAL;10;toscaju01;Juan Toscano-Anderson;3:45;0;0;;0;0;;0;0;;0;1;1;0;0;0;0;1;0;+3
09/11/2022;LAL;11;jonesda03;Damian Jones;0:43;0;0;;0;0;;0;0;;0;0;0;0;0;0;0;0;0;-2
09/11/2022;LAL;12;ryanma01;Matt Ryan;0:43;0;1;.000;0;0;;0;0;;0;0;0;0;0;0;0;0;0;-2
09/11/2022;LAL;0;georgpa01;Paul George;36:16;10;17;.588;2;7;.286;7;9;.778;0;6;6;4;1;2;4;3;29;+16
09/11/2022;LAL;1;zubaciv01;Ivica Zubac;36:13;4;4;1.000;0;0;;2;5;.400;2;6;8;2;1;2;2;3;10;-8
09/11/2022;LAL;2;morrima03;Marcus Morris;32:20;4;9;.444;3;5;.600;0;0;;0;8;8;1;2;2;1;4;11;+12
09/11/2022;LAL;3;kennalu01;Luke Kennard;24:55;5;9;.556;3;6;.500;0;0;;0;3;3;2;1;0;0;1;13;+9
09/11/2022;LAL;4;jacksre01;Reggie Jackson;24:02;7;14;.500;0;2;.000;0;0;;0;0;0;3;1;0;4;5;14;+2
09/11/2022;LAL;5;Reserves;Reserves
09/11/2022;LAL;6;powelno01;Norman Powell;24:21;5;10;.500;2;5;.400;6;7;.857;0;1;1;3;1;0;3;3;18;+4
09/11/2022;LAL;7;walljo01;John Wall;23:14;3;10;.300;1;5;.200;3;3;1.000;1;3;4;6;2;1;0;1;10;+9
09/11/2022;LAL;8;mannte01;Terance Mann;21:29;3;7;.429;1;2;.500;0;0;;0;4;4;2;1;0;0;2;7;+16
09/11/2022;LAL;9;batumni01;Nicolas Batum;15:39;0;1;.000;0;1;.000;2;2;1.000;3;3;6;1;0;0;1;2;2;+1
09/11/2022;LAL;10;brownmo01;Moses Brown;0:43;0;0;;0;0;;0;0;;0;1;1;0;0;0;0;0;0;+2
09/11/2022;LAL;11;coffeam01;Amir Coffey;0:43;0;0;;0;0;;0;0;;0;0;0;0;0;0;0;0;0;+2
09/11/2022;LAL;12;covinro01;Robert Covington;Did Not Play
