dateId;teamId;order;playerId;Starters;MP;FG;FGA;FG%;3P;3PA;3P%;FT;FTA;FT%;ORB;DRB;TRB;AST;STL;BLK;TOV;PF;PTS;+/-
18/10/2022;LAL;0;davisan02;Anthony Davis;35:36;10;22;.455;0;3;.000;7;9;.778;0;6;6;0;4;1;3;2;27;-21
18/10/2022;LAL;1;jamesle01;LeBron James;35:12;12;26;.462;3;10;.300;4;4;1.000;5;10;15;8;0;0;5;2;31;-10
18/10/2022;LAL;2;westbru01;Russell Westbrook;30:41;7;12;.583;1;3;.333;4;5;.800;1;10;11;3;1;0;4;1;19;-6
18/10/2022;LAL;3;walkelo01;Lonnie Walker IV;29:17;2;7;.286;0;3;.000;1;2;.500;1;2;3;5;1;1;2;0;5;-13
18/10/2022;LAL;4;beverpa01;Patrick Beverley;24:40;1;5;.200;1;5;.200;0;0;;1;1;2;2;4;2;1;5;3;-5
18/10/2022;LAL;5;Reserves;Reserves
18/10/2022;LAL;6;nunnke01;Kendrick Nunn;23:03;5;9;.556;3;6;.500;0;0;;0;3;3;2;1;0;3;2;13;-19
18/10/2022;LAL;7;ryanma01;Matt Ryan;17:49;1;4;.250;1;3;.333;0;0;;0;1;1;0;1;0;1;2;3;+1
18/10/2022;LAL;8;reaveau01;Austin Reaves;16:00;1;3;.333;0;2;.000;1;1;1.000;0;0;0;1;0;0;0;1;3;-6
18/10/2022;LAL;9;toscaju01;Juan Toscano-Anderson;14:18;0;3;.000;0;3;.000;0;0;;0;4;4;0;0;0;2;1;0;0
18/10/2022;LAL;10;gabriwe01;Wenyen Gabriel;7:48;0;1;.000;0;0;;0;2;.000;1;0;1;1;0;0;0;2;0;0
18/10/2022;LAL;11;chrisma02;Max Christie;1:52;1;1;1.000;1;1;1.000;0;0;;0;1;1;0;0;0;0;0;3;+3
18/10/2022;LAL;12;pippesc02;Scotty Pippen Jr.;1:52;0;0;;0;0;;2;2;1.000;0;0;0;0;0;0;0;0;2;+3
18/10/2022;LAL;13;swideco01;Cole Swider;1:52;0;1;.000;0;1;.000;0;0;;0;1;1;1;0;0;0;0;0;+3
18/10/2022;LAL;14;jonesda03;Damian Jones;Did Not Play
18/10/2022;LAL;0;curryst01;Stephen Curry;32:48;10;22;.455;4;13;.308;9;9;1.000;1;5;6;7;4;1;4;1;33;+20
18/10/2022;LAL;1;wiggian01;Andrew Wiggins;29:28;8;14;.571;4;7;.571;0;0;;1;5;6;4;1;1;1;5;20;+25
18/10/2022;LAL;2;greendr01;Draymond Green;24:41;2;5;.400;0;0;;0;0;;0;5;5;5;0;0;1;1;4;+12
18/10/2022;LAL;3;looneke01;Kevon Looney;21:08;3;4;.750;0;0;;1;1;1.000;2;4;6;2;1;0;0;2;7;+30
18/10/2022;LAL;4;thompkl01;Klay Thompson;19:39;6;13;.462;2;6;.333;4;5;.800;0;2;2;3;1;0;2;3;18;+11
18/10/2022;LAL;5;Reserves;Reserves
18/10/2022;LAL;6;poolejo01;Jordan Poole;28:11;4;15;.267;2;9;.222;2;2;1.000;0;2;2;7;2;0;4;2;12;+1
18/10/2022;LAL;7;greenja01;JaMychal Green;23:26;3;6;.500;2;3;.667;0;0;;5;2;7;0;1;0;0;1;8;-3
18/10/2022;LAL;8;divindo01;Donte DiVincenzo;21:37;3;6;.500;1;2;.500;1;2;.500;0;2;2;2;1;0;4;2;8;-5
18/10/2022;LAL;9;wisemja01;James Wiseman;16:31;4;6;.667;0;0;;0;4;.000;1;6;7;0;0;1;0;2;8;-11
18/10/2022;LAL;10;kuminjo01;Jonathan Kuminga;13:04;0;3;.000;0;2;.000;0;0;;1;2;3;0;0;1;2;2;0;-8
18/10/2022;LAL;11;moodymo01;Moses Moody;7:35;2;4;.500;1;3;.333;0;0;;0;1;1;0;0;0;0;0;5;+1
18/10/2022;LAL;12;rolliry01;Ryan Rollins;1:52;0;1;.000;0;0;;0;0;;0;1;1;1;0;0;0;2;0;-3
18/10/2022;LAL;13;baldwpa01;Patrick Baldwin Jr.;Did Not Play
