dateId;teamId;order;playerId;Starters;MP;FG;FGA;FG%;3P;3PA;3P%;FT;FTA;FT%;ORB;DRB;TRB;AST;STL;BLK;TOV;PF;PTS;+/-
16/11/2022;BOS;0;tatumja01;Jayson Tatum;32:54;6;19;.316;3;10;.300;4;4;1.000;1;6;7;8;1;1;2;1;19;+28
16/11/2022;BOS;1;whitede01;Derrick White;31:12;6;11;.545;2;4;.500;2;2;1.000;1;4;5;10;0;1;2;0;16;+17
16/11/2022;BOS;2;willigr01;Grant Williams;27:50;6;10;.600;4;7;.571;2;2;1.000;0;1;1;1;0;0;2;4;18;+7
16/11/2022;BOS;3;horfoal01;Al Horford;27:19;3;6;.500;1;3;.333;0;0;;3;8;11;4;0;1;2;4;7;+23
16/11/2022;BOS;4;brownja02;Jaylen Brown;23:11;10;17;.588;1;6;.167;1;2;.500;0;5;5;0;2;0;3;4;22;+10
16/11/2022;BOS;5;Reserves;Reserves
16/11/2022;BOS;6;hausesa01;Sam Hauser;27:29;5;6;.833;5;6;.833;0;0;;0;6;6;0;0;0;0;2;15;+35
16/11/2022;BOS;7;kornelu01;Luke Kornet;25:23;7;7;1.000;1;1;1.000;0;0;;1;7;8;1;0;4;1;2;15;+7
16/11/2022;BOS;8;pritcpa01;Payton Pritchard;24:12;5;8;.625;4;6;.667;0;0;;0;3;3;4;1;0;1;2;14;+5
16/11/2022;BOS;9;jacksju01;Justin Jackson;10:02;0;1;.000;0;1;.000;0;0;;0;1;1;0;0;1;0;0;0;0
16/11/2022;BOS;10;griffbl01;Blake Griffin;6:56;0;1;.000;0;0;;0;0;;0;2;2;1;0;0;0;1;0;-4
16/11/2022;BOS;11;davisjd01;JD Davison;3:32;0;2;.000;0;2;.000;0;0;;0;0;0;0;0;0;1;0;0;-3
16/11/2022;BOS;12;vonleno01;Noah Vonleh;Did Not Play
16/11/2022;BOS;0;huntede01;De'Andre Hunter;34:28;4;13;.308;2;6;.333;3;3;1.000;0;4;4;0;0;0;0;1;13;-21
16/11/2022;BOS;1;murrade01;Dejounte Murray;33:43;9;17;.529;1;3;.333;0;0;;0;3;3;5;1;0;3;3;19;-24
16/11/2022;BOS;2;collijo01;John Collins;31:59;6;12;.500;0;3;.000;0;0;;0;3;3;0;0;3;2;0;12;-17
16/11/2022;BOS;3;youngtr01;Trae Young;30:42;10;23;.435;2;7;.286;5;6;.833;1;4;5;9;1;0;1;1;27;-10
16/11/2022;BOS;4;capelca01;Clint Capela;18:25;3;3;1.000;0;0;;1;2;.500;2;6;8;0;0;0;0;0;7;-9
16/11/2022;BOS;5;Reserves;Reserves
16/11/2022;BOS;6;griffaj01;AJ Griffin;20:51;3;9;.333;0;4;.000;0;0;;3;0;3;1;1;0;2;1;6;-21
16/11/2022;BOS;7;okongon01;Onyeka Okongwu;20:30;1;3;.333;0;0;;0;0;;5;4;9;3;1;0;1;2;2;-13
16/11/2022;BOS;8;holidaa01;Aaron Holiday;10:38;1;6;.167;0;1;.000;0;0;;0;2;2;0;0;0;0;2;2;-19
16/11/2022;BOS;9;johnsja05;Jalen Johnson;10:34;3;11;.273;0;4;.000;1;2;.500;2;2;4;0;1;1;0;0;7;-5
16/11/2022;BOS;10;holidju01;Justin Holiday;6:42;0;1;.000;0;1;.000;0;0;;0;0;0;0;0;1;0;1;0;-2
16/11/2022;BOS;11;kaminfr01;Frank Kaminsky;5:22;1;1;1.000;1;1;1.000;0;0;;0;1;1;1;0;0;0;0;3;+4
16/11/2022;BOS;12;krejcvi01;Vit Krejci;5:22;1;1;1.000;1;1;1.000;0;0;;0;0;0;0;0;0;0;0;3;+4
16/11/2022;BOS;13;forretr01;Trent Forrest;5:22;0;0;;0;0;;0;0;;0;0;0;2;0;0;0;0;0;+4
16/11/2022;BOS;14;martity01;Tyrese Martin;5:22;0;1;.000;0;1;.000;0;0;;1;2;3;0;0;0;0;0;0;+4
